IESNA:LM-63-2002
[TEST] /2016-03-01 11:04:29 - This file has been modified by DIAL (www.dial.de) photometry export module version 1.2.21.0 on 03:07:2017
[TESTLAB] ies2eulumdat.appspot.com
[ISSUEDATE] 2023-01-18T15:15:32.090
[MANUFAC] ATELJELYKTAN
[LUMCAT] 000000
[LUMINAIRE] Skipper Post - LED 20W 830 - LM2, 1900 lm - Aluminium Grey
[LAMPCAT] STREET LED 3000K
[LAMP] STREET LED 3000K
TILT=NONE
1	1900	1	95	37	1	2	-0.380	-0.380	0.145
1.0	1.0	20.00
0	 2	 4	 6	 8	 10	 12	 14	 16	 18
20	 22	 24	 26	 28	 30	 32	 34	 36	 38
40	 42	 44	 46	 48	 50	 52	 54	 55	 56
58	 60	 62	 64	 65	 66	 68	 70	 72	 74
75	 76	 78	 80	 82	 84	 85	 86	 88	 90
92	 94	 96	 98	 100	 102	 104	 106	 108	 110
112	 114	 116	 118	 120	 122	 124	 126	 128	 130
132	 134	 136	 138	 140	 142	 144	 146	 148	 150
152	 154	 156	 158	 160	 162	 164	 166	 168	 170
172	 174	 176	 178	 180
0	 5	 10	 15	 20	 25	 30	 35	 40	 45
50	 55	 60	 65	 70	 75	 80	 85	 90	 95
100	 105	 110	 115	 120	 125	 130	 135	 140	 145
150	 155	 160	 165	 170	 175	 180
444.337	447.0352	447.2062	444.6222	437.6869	427.7683	426.1343	433.0125	443.691	457.1818
472.8386	491.0795	514.1847	540.235	566.1141	587.5853	604.61	614.7186	617.8728	614.0916
598.3018	574.9497	542.762	508.0473	467.0242	426.0013	378.0428	320.603	290.9424	268.8633
233.5216	206.3693	181.1321	153.3642	139.4784	125.5944	99.0861	76.3667	59.3267	43.5482
35.9744	30.2305	19.1226	12.4332	5.3645	2.2722	1.8934	1.6598	1.5335	1.4516
1.4011	1.4011	1.4073	1.4201	1.4326	1.4451	1.4704	1.502	1.521	1.5462
1.5715	1.5968	1.6218	1.6534	1.6598	1.7039	1.7102	1.7482	1.7985	1.8238
1.8869	1.9251	1.9882	2.0575	2.1206	2.2217	2.3037	2.3921	2.5057	2.6256
2.758	2.8969	3.0294	3.143	3.2503	3.3512	3.4396	3.5344	3.6543	3.7614
3.8625	3.9761	4.096	4.1906	4.2727
444.337	444.7172	444.527	441.829	434.9127	424.7471	422.6381	429.4785	440.3089	453.8186
469.4374	487.3173	510.1375	536.1498	561.7059	583.4811	601.779	612.5146	615.9726	612.8186
598.6248	575.5957	543.712	509.3203	469.5514	427.9013	381.52	324.0802	294.7426	271.6945
236.3528	208.2695	183.342	154.9414	140.7419	127.4868	100.9804	77.6283	60.5883	44.1792
36.9208	30.9259	19.5026	12.7802	5.5792	2.2847	1.9027	1.6661	1.54	1.4546
1.4041	1.4041	1.4106	1.4231	1.4356	1.4516	1.4767	1.5052	1.5242	1.5493
1.5778	1.5998	1.6251	1.6629	1.6629	1.7102	1.7134	1.7545	1.8018	1.8301
1.8934	1.9314	1.9944	2.067	2.1271	2.2279	2.31	2.3984	2.515	2.6319
2.7643	2.9002	3.0326	3.143	3.2471	3.3482	3.4428	3.5374	3.6573	3.7647
3.8688	3.9792	4.0991	4.1939	4.276
444.337	442.741	442.76	440.1189	433.9247	424.0441	421.3649	427.8443	438.4469	451.6904
467.2522	484.7711	507.3063	532.9766	559.1789	581.9039	601.456	614.3956	618.8228	615.9726
603.983	582.8541	552.2436	518.7828	479.3369	437.6869	392.2366	335.4427	306.1052	281.1761
244.2382	214.5776	188.3905	159.6745	144.8442	131.2737	105.3983	82.3616	64.0598	47.0197
39.1305	32.5031	20.6692	13.6956	6.0369	2.3448	1.9314	1.6914	1.5588	1.4767
1.4231	1.4231	1.4263	1.4356	1.4451	1.4674	1.4926	1.5242	1.54	1.5683
1.5998	1.6188	1.6441	1.6819	1.6819	1.726	1.7355	1.7735	1.8208	1.8523
1.9123	1.9504	2.0134	2.086	2.1459	2.2437	2.3258	2.4174	2.534	2.6477
2.777	2.9127	3.0389	3.1494	3.2536	3.3512	3.4491	3.5407	3.6605	3.7679
3.872	3.9824	4.1023	4.1939	4.276
444.337	442.95	442.988	440.803	435.1977	425.2221	422.2011	428.0533	438.4469	451.4434
466.9292	484.0111	506.1283	531.7224	558.8557	582.5311	603.356	618.1958	625.4542	625.4542
617.2458	600.2018	573.0685	539.9308	502.6891	461.039	416.5387	361.3221	331.6615	303.255
261.2819	227.5174	199.1109	170.089	154.9414	141.0573	114.2337	90.8816	70.6855	52.0684
43.2328	35.3436	22.7213	14.6737	6.6396	2.4552	1.9724	1.7324	1.5968	1.5115
1.4579	1.4516	1.4546	1.4609	1.4704	1.4926	1.521	1.5525	1.5715	1.603
1.6346	1.6566	1.6819	1.7167	1.7167	1.7607	1.767	1.808	1.8554	1.8839
1.9471	1.9849	2.048	2.1176	2.1774	2.2785	2.3541	2.4394	2.5561	2.6667
2.7928	2.9285	3.0546	3.1652	3.2629	3.3639	3.4553	3.5502	3.6668	3.7742
3.8783	3.9919	4.1055	4.2001	4.279
444.337	445.2302	445.2682	443.14	438.1619	428.0913	424.2151	428.9843	438.8459	451.6714
467.3092	484.1631	505.5391	530.7724	558.8557	584.4311	607.7832	625.1312	636.7977	641.2249
638.0707	625.1312	602.102	571.1685	536.4538	497.3307	454.4076	403.5991	372.9886	343.0241
293.1656	253.0735	218.0548	186.8135	171.3505	156.8338	127.4868	102.2422	78.5747	58.0631
47.9661	38.7828	24.9293	15.5572	7.1664	2.5941	2.0387	1.7985	1.6503	1.5588
1.502	1.4926	1.4926	1.502	1.5115	1.5335	1.562	1.5968	1.6218	1.6503
1.6849	1.7102	1.7324	1.767	1.7607	1.805	1.8175	1.8554	1.9059	1.9346
2.0007	2.0387	2.0986	2.1649	2.2217	2.3163	2.3921	2.471	2.5846	2.695
2.8181	2.9475	3.0736	3.181	3.2786	3.3765	3.4713	3.5596	3.6795	3.7804
3.8846	3.9982	4.1118	4.2034	4.2853
444.337	444.527	444.6032	442.703	438.4469	429.2693	424.4241	427.7683	437.0219	449.3534
464.5732	481.2369	501.6819	525.4142	553.4976	580.9539	605.5602	625.1312	639.6479	648.8063
651.0105	645.0061	627.9624	601.456	570.5415	536.7768	497.3307	453.4576	426.9513	397.6138
342.0741	293.4696	249.6154	210.1695	193.4487	177.0298	144.8442	115.4953	88.6736	64.6906
53.6454	42.4747	26.4132	15.9674	7.7471	2.755	2.1301	1.8776	1.7167	1.6218
1.562	1.5525	1.5493	1.5557	1.562	1.584	1.6156	1.6598	1.6819	1.7167
1.7545	1.7735	1.7985	1.8333	1.827	1.8711	1.8806	1.9219	1.9724	1.9977
2.0607	2.1018	2.1616	2.2247	2.2785	2.3731	2.4394	2.515	2.6256	2.7328
2.8527	2.9758	3.0957	3.203	3.3009	3.3987	3.4901	3.5754	3.6921	3.7932
3.8941	4.0044	4.1181	4.2096	4.2917
444.337	447.2062	448.0992	446.9592	443.748	435.5017	429.1933	430.2765	438.1999	449.3914
463.585	479.5269	498.6609	520.987	547.1892	574.9497	600.5248	621.027	637.4437	650.3833
657.9457	657.9457	650.3833	633.0165	608.4102	579.6809	544.9852	505.2161	482.1869	457.5618
405.1761	354.0637	303.255	254.6507	232.8946	213.9506	175.1374	139.1628	107.2907	75.4205
61.8499	48.7223	30.0728	17.8609	8.801	2.9695	2.2407	1.9819	1.808	1.7009
1.6346	1.6218	1.6156	1.6188	1.6251	1.6503	1.6849	1.726	1.7545	1.7955
1.8301	1.8554	1.8806	1.9123	1.9027	1.9471	1.9566	1.9977	2.048	2.0733
2.1364	2.1711	2.2312	2.2943	2.3416	2.4331	2.4993	2.5718	2.676	2.777
2.8937	3.0136	3.1304	3.2313	3.3292	3.4238	3.5091	3.5942	3.7079	3.8089
3.9066	4.0172	4.1276	4.2159	4.2917
444.337	443.558	443.843	442.665	440.2708	434.3997	428.0913	427.4263	434.3047	444.8882
458.7018	474.1876	492.2385	512.7975	536.7768	562.0099	587.8893	608.4102	624.5042	637.7477
648.1603	653.8415	654.4687	646.2791	633.9665	614.3956	586.6353	551.2934	532.0454	511.5245
468.9244	420.6429	372.6846	326.2843	303.8822	283.6841	246.4614	210.1695	156.8357	94.3531
73.8414	59.4521	37.4889	20.7642	9.4573	3.1557	2.3826	2.1048	1.9156	1.7985
1.726	1.7039	1.6944	1.6944	1.7009	1.726	1.7607	1.808	1.8396	1.8839
1.9219	1.9471	1.9692	2.0007	1.9882	2.0322	2.0417	2.086	2.1364	2.1616
2.2184	2.25	2.3068	2.3668	2.4109	2.5025	2.5656	2.6319	2.736	2.8306
2.938	3.0579	3.1683	3.2661	3.3577	3.4491	3.5312	3.6163	3.7269	3.8277
3.9224	4.0329	4.1338	4.2222	4.2948
444.337	444.9452	445.2872	444.337	442.456	438.2189	431.8535	429.6115	434.3997	443.653
456.5928	471.0714	487.8873	505.8433	526.9912	548.4434	571.7955	591.6895	608.4102	621.654
633.9665	645.6331	652.8915	654.7917	653.5375	648.1603	630.8124	600.8288	583.4811	564.2331
528.2452	482.8141	438.0099	401.395	385.3012	371.4114	338.2929	296.6238	242.3572	144.8442
103.5038	76.8398	47.0501	23.6675	9.4037	3.345	2.5466	2.2469	2.0387	1.9123
1.827	1.8018	1.7892	1.786	1.7892	1.8113	1.8491	1.8996	1.9314	1.9754
2.0165	2.045	2.067	2.0955	2.0797	2.1176	2.1333	2.1774	2.2312	2.2564
2.31	2.3353	2.3921	2.4457	2.4867	2.5751	2.6349	2.6982	2.7959	2.8874
2.9916	3.1019	3.2125	3.3071	3.3892	3.4806	3.5596	3.6385	3.7489	3.8467
3.9381	4.0424	4.1496	4.2284	4.301
444.337	446.2942	446.5222	446.0092	444.8122	442.285	437.4019	433.9247	435.7677	443.311
454.5596	467.9554	483.3081	499.5349	516.5787	534.2496	552.5476	570.2183	586.9393	601.152
617.2458	632.3895	646.2791	656.9957	665.2041	673.4124	674.0396	662.0499	649.1103	633.3395
600.5248	545.9162	489.1223	455.3576	444.9452	436.4327	420.9659	390.0324	326.9303	212.0506
148.9465	100.7904	57.2423	26.3182	8.8546	3.4996	2.7202	2.4014	2.1681	2.0322
1.9376	1.9059	1.8901	1.8869	1.8869	1.9093	1.9471	1.9944	2.0292	2.0765
2.1206	2.1459	2.1649	2.1932	2.1649	2.2089	2.2247	2.2722	2.3258	2.3511
2.4014	2.4267	2.4805	2.5308	2.5656	2.6509	2.7075	2.7675	2.8654	2.9505
3.0516	3.1557	3.2598	3.3512	3.427	3.5154	3.5912	3.6668	3.7709	3.8656
3.9541	4.055	4.1591	4.2349	4.3043
444.337	443.957	444.28	444.052	443.653	442.703	440.3279	437.4399	437.1168	441.848
451.0634	462.844	476.4298	489.7493	503.9621	517.2058	531.0954	544.0352	558.5517	574.6457
593.2665	612.5146	630.8124	645.6331	661.7269	677.8208	694.5606	705.6001	707.5001	704.9732
692.9836	648.1603	580.6309	514.3747	489.7493	475.5557	461.989	433.5827	361.6261	248.9884
195.3297	139.1628	69.8664	31.399	8.2299	3.7141	2.9252	2.5813	2.3226	2.1681
2.0575	2.0229	2.0039	1.9944	1.9977	2.0165	2.0512	2.1018	2.1301	2.1806
2.2217	2.2469	2.269	2.2943	2.2627	2.3037	2.3163	2.3699	2.4236	2.4489
2.4993	2.5183	2.5751	2.6256	2.6572	2.7423	2.7896	2.8496	2.938	3.02
3.1147	3.2125	3.3134	3.3987	3.4681	3.5532	3.6227	3.6984	3.7962	3.8878
3.9729	4.0675	4.1686	4.2412	4.301
444.337	445.2302	445.6292	445.7622	445.8572	445.8952	445.7052	444.5652	444.052	446.1992
452.5266	461.419	472.0596	482.8141	493.8535	504.2661	514.0516	523.837	535.1996	549.3934
568.3373	590.7395	614.3956	633.9665	653.8415	675.3126	699.2918	723.8981	736.8377	748.8272
775.6566	761.1398	716.9627	658.2689	630.8124	608.7144	577.4767	531.0954	410.8575	263.8091
203.8611	147.1472	83.6555	41.6862	8.9494	3.9571	3.1367	2.7613	2.4835	2.3195
2.1932	2.1459	2.1206	2.1113	2.108	2.1301	2.1649	2.2154	2.2407	2.291
2.3321	2.3573	2.3763	2.3921	2.3636	2.4109	2.4204	2.4805	2.534	2.5561
2.6003	2.6129	2.6697	2.714	2.7455	2.8243	2.8684	2.9252	3.0136	3.0862
3.184	3.2756	3.3735	3.4491	3.5154	3.5942	3.6573	3.7269	3.8247	3.9098
3.9949	4.0833	4.1781	4.2442	4.301
444.337	445.9902	446.2372	446.6552	447.1492	448.0422	449.0114	450.1894	451.4434	453.7426
457.2578	462.863	470.1974	477.1328	485.0181	492.9035	501.1119	508.0473	515.3057	524.7872
538.6578	558.2287	582.8541	606.5102	629.8624	656.6917	687.9292	721.3709	741.2649	763.971
821.4109	837.8278	821.7338	812.5755	805.6401	802.4859	793.0045	742.1959	621.654	386.2512
273.9177	181.2596	93.249	49.8908	11.0983	4.301	3.383	2.96	2.6602	2.4835
2.3383	2.288	2.2532	2.2407	2.2374	2.2564	2.2943	2.3448	2.3699	2.4174
2.4582	2.4805	2.49	2.5057	2.471	2.515	2.5278	2.5908	2.6444	2.6667
2.7045	2.7075	2.758	2.8023	2.8339	2.9127	2.96	3.0136	3.0926	3.1652
3.2566	3.3419	3.4365	3.5059	3.5659	3.6353	3.6953	3.7614	3.8498	3.9319
4.0107	4.0991	4.1874	4.2507	4.3043
444.337	444.527	444.7932	445.4582	446.2752	447.6242	449.8094	452.5266	456.3648	460.336
464.5162	468.5254	472.3066	476.1828	479.9639	484.3911	489.1223	494.8037	499.5349	505.2161
514.0516	527.6182	544.9852	563.2831	584.7351	612.5146	646.9063	687.6062	713.8085	746.6232
831.8234	868.7423	859.2798	871.8963	889.2633	911.6654	948.2613	961.5239	852.0214	561.0789
394.4596	254.6507	106.9126	55.6975	13.9669	4.6229	3.6543	3.184	2.8496	2.6539
2.4993	2.4394	2.3984	2.3794	2.3794	2.3984	2.4394	2.4962	2.515	2.5688
2.6066	2.6129	2.6224	2.6286	2.5908	2.6382	2.6477	2.7107	2.7613	2.7865
2.8149	2.8149	2.8591	2.8969	2.9317	2.9978	3.0484	3.0989	3.1778	3.2503
3.3292	3.4145	3.5028	3.5659	3.6195	3.6826	3.7364	3.7932	3.8815	3.9541
4.0329	4.1181	4.1969	4.2569	4.3043
444.337	444.9452	445.0972	445.8002	446.6742	448.6124	451.3864	455.4526	460.716	466.6822
472.6866	477.5508	481.2939	484.0681	485.9681	486.5953	487.8683	490.0723	493.2265	495.7537
501.7389	509.6435	520.0558	530.1454	544.9852	563.5871	589.4663	623.877	647.2103	678.1438
771.2294	828.3462	822.665	833.4004	848.5442	870.9463	941.9529	981.0758	881.3589	607.4602
462.939	304.2052	118.4937	57.0219	15.5414	4.8849	3.9224	3.4238	3.0451	2.8339
2.6667	2.5941	2.5466	2.5278	2.5245	2.5498	2.5971	2.6572	2.6729	2.7297
2.7643	2.7613	2.7613	2.7675	2.7233	2.7738	2.7801	2.8464	2.8907	2.9127
2.9317	2.9252	2.96	2.9948	3.0263	3.0926	3.1399	3.1873	3.2598	3.3355
3.408	3.4901	3.569	3.6258	3.6763	3.7331	3.7804	3.831	3.9131	3.9824
4.0518	4.1338	4.2096	4.2632	4.3043
444.337	444.242	444.432	444.8882	446.2372	448.3272	451.5384	455.9846	462.046	469.0194
476.2208	482.3769	487.5073	491.0225	493.5495	494.8037	495.7537	495.4307	496.0577	497.0077
499.2119	504.2661	512.1515	519.1058	527.6182	538.6578	556.3287	580.0039	596.0976	616.9228
684.148	738.4149	734.0065	739.3649	746.6232	758.9358	802.1629	839.4048	796.8047	570.8455
414.3347	272.1505	111.8034	54.5612	15.4816	4.9953	4.0675	3.5847	3.2156	2.9948
2.8181	2.7392	2.6855	2.6634	2.6667	2.695	2.7455	2.8118	2.8306	2.8842
2.9159	2.9032	2.9095	2.9095	2.8654	2.9095	2.919	2.9853	3.0263	3.0421
3.0451	3.0326	3.0546	3.0862	3.1177	3.1778	3.2313	3.2661	3.3419	3.4175
3.4871	3.569	3.6385	3.6953	3.7299	3.7837	3.8277	3.8688	3.9414	4.0044
4.074	4.1496	4.2222	4.2664	4.3043
444.337	444.337	444.432	444.8882	446.1992	448.4414	451.8234	456.7828	462.863	470.2544
477.9118	484.6761	490.5095	495.1267	498.2809	501.1119	503.0121	503.6391	503.9621	504.2661
504.8931	506.7933	512.1515	518.7828	525.0912	534.8766	549.0704	568.9643	582.8541	599.8788
647.8563	684.452	676.8896	669.9354	675.3126	682.875	692.0334	690.7604	665.5271	508.6933
372.6846	250.7555	94.3227	42.3493	14.6201	5.0331	4.1623	3.7141	3.345	3.1177
2.9347	2.8591	2.8023	2.7833	2.7833	2.8211	2.8812	2.9537	2.9727	3.0231
3.0516	3.0326	3.0326	3.0358	2.9948	3.0389	3.0516	3.1147	3.1557	3.162
3.1557	3.1304	3.1399	3.181	3.1968	3.2629	3.3166	3.3482	3.427	3.4996
3.5659	3.6448	3.7141	3.7679	3.7962	3.8435	3.8783	3.9131	3.9761	4.0329
4.0928	4.1654	4.2349	4.276	4.3075
444.337	446.7502	446.3702	446.7692	448.0042	450.1134	453.5906	458.3788	464.7632	471.9266
479.5839	486.3101	492.0295	496.3807	500.1619	502.3851	503.9621	504.5891	504.8931	504.2661
504.8931	505.5391	506.1663	508.3703	511.2205	517.2058	527.6182	543.712	556.0247	573.9995
621.654	654.4687	648.8063	641.5479	646.5831	651.9605	660.1499	652.8915	591.6895	444.9452
343.0241	233.0656	72.7052	31.8721	13.4493	5.0489	4.2537	3.8277	3.446	3.2251
3.0421	2.9632	2.9095	2.8874	2.9002	2.938	3.0073	3.0769	3.0926	3.1399
3.1588	3.1242	3.1272	3.1272	3.0862	3.1367	3.1494	3.2156	3.2629	3.2629
3.2536	3.2188	3.2188	3.2629	3.2724	3.3419	3.3987	3.4303	3.5186	3.5817
3.651	3.7236	3.7899	3.8435	3.8625	3.9066	3.9319	3.9604	4.0139	4.0613
4.1118	4.1781	4.2442	4.279	4.3105
444.337	446.6172	446.3702	446.6552	447.6622	449.7144	453.1156	457.6948	463.8512	470.7294
477.9118	484.1631	490.0723	494.1767	497.3307	498.5849	499.8579	499.8579	498.9079	497.6347
497.3307	496.7037	494.4807	492.5995	489.4453	487.5453	488.1723	493.8535	500.1619	512.7975
554.7515	587.8893	591.9935	593.5706	600.5248	607.1372	618.8228	614.3956	557.2787	407.7033
308.3094	201.8091	63.5867	25.1193	11.4992	5.0836	4.3263	3.9131	3.5374	3.3134
3.1367	3.0579	3.0043	2.9853	2.9948	3.0421	3.1019	3.1715	3.1715	3.2093
3.2283	3.184	3.1903	3.1903	3.143	3.1935	3.203	3.2693	3.3261	3.3229
3.3166	3.2786	3.2756	3.3229	3.3324	3.4113	3.4681	3.4996	3.5942	3.6573
3.7331	3.7962	3.8656	3.9098	3.9224	3.9666	3.9824	4.0044	4.0518	4.0928
4.1371	4.1906	4.2507	4.2853	4.3105
444.337	445.6102	445.1922	445.3632	446.2942	448.0042	450.8164	454.7876	460.089	466.3972
472.8766	478.2728	483.2891	486.2911	488.4953	489.1223	488.7993	487.5453	485.6451	483.7641
481.5409	479.9639	477.4558	474.6056	469.8744	464.8202	460.716	458.1888	458.5118	462.939
489.1223	508.0473	496.7037	491.3265	494.1767	499.2119	512.4745	517.5288	493.5495	385.6242
295.0466	195.1397	62.3876	23.9829	10.4831	5.1215	4.3863	3.9856	3.6037	3.3797
3.203	3.1272	3.0736	3.0546	3.0641	3.1052	3.162	3.2251	3.2061	3.2378
3.2408	3.1903	3.1935	3.2093	3.1652	3.2125	3.222	3.3009	3.3607	3.3577
3.3735	3.3292	3.3355	3.3955	3.3987	3.4838	3.5374	3.5754	3.6668	3.7331
3.8089	3.8688	3.9381	3.9729	3.9856	4.0172	4.0297	4.0455	4.0833	4.1213
4.1591	4.2001	4.2507	4.2853	4.3075
444.337	444.6222	443.957	443.843	444.318	445.7052	447.9662	450.9114	454.9396	459.899
464.8962	469.0574	472.6106	474.6056	476.1828	475.2328	473.9786	471.7746	469.2474	467.0242
464.5162	461.666	458.8348	456.3078	452.2036	447.7762	443.368	440.2139	439.2638	440.5179
456.6118	467.3472	451.8804	440.5179	438.6369	439.2638	436.4327	427.2743	403.9221	327.5573
268.8633	191.0355	62.7961	25.6551	10.4483	5.1026	4.4051	4.0234	3.6353	3.4113
3.2283	3.1494	3.1019	3.0862	3.0926	3.1242	3.1778	3.2313	3.1968	3.2156
3.2093	3.1588	3.1683	3.1998	3.162	3.2188	3.2313	3.3166	3.3892	3.3923
3.4145	3.3702	3.3955	3.4586	3.4681	3.5564	3.6037	3.6543	3.7394	3.8057
3.8878	3.9446	4.0172	4.0455	4.0487	4.0803	4.0833	4.0898	4.1213	4.1466
4.1811	4.2159	4.26	4.2822	4.301
444.337	444.033	443.083	442.741	443.045	443.596	444.8122	446.5222	449.1064	452.2606
455.5476	458.2648	460.697	461.362	461.039	458.8348	456.3078	452.8306	449.3534	445.8952
443.368	440.2139	436.7367	434.5327	430.7515	426.9513	423.4931	420.6429	419.3889	420.3389
433.9057	441.164	426.3243	416.5387	415.5887	416.5387	415.2847	410.2305	383.097	310.1904
253.0735	182.7112	60.6833	26.1605	9.9467	5.0646	4.3894	4.0107	3.6227	3.4018
3.2156	3.1399	3.0926	3.0799	3.0799	3.1114	3.1652	3.2188	3.1715	3.1968
3.184	3.1367	3.1399	3.1778	3.1399	3.2125	3.222	3.3197	3.3987	3.408
3.4428	3.3987	3.4365	3.4996	3.5186	3.6163	3.6638	3.7236	3.8089	3.8815
3.9604	4.0139	4.0833	4.1055	4.1086	4.1338	4.1338	4.1308	4.1559	4.1781
4.2034	4.2317	4.2695	4.2853	4.2948
444.337	443.805	442.551	441.696	441.164	440.936	440.5939	440.6129	441.354	442.513
443.805	444.8882	445.4582	445.2682	443.045	439.8909	435.7867	431.3785	426.0013	421.5929
417.8117	414.9617	412.7575	410.2305	407.7033	404.8721	401.718	399.191	397.9178	397.6138
409.2803	418.4389	404.5491	395.7138	394.4596	394.4596	394.7636	391.3056	366.6802	302.305
256.8737	193.7337	64.2802	26.3486	9.6626	5.0048	4.3516	3.9761	3.5785	3.3545
3.1715	3.1019	3.0579	3.0484	3.0484	3.0799	3.143	3.1998	3.1588	3.1873
3.1652	3.1272	3.1114	3.1525	3.1084	3.1873	3.1968	3.3104	3.3892	3.405
3.4491	3.4145	3.4586	3.5154	3.5502	3.651	3.7046	3.7679	3.8593	3.9381
4.0107	4.077	4.1371	4.1623	4.1591	4.1781	4.1716	4.1654	4.1874	4.2034
4.2191	4.2475	4.279	4.2885	4.2917
444.337	444.6222	443.083	441.791	440.3089	438.6559	436.8317	435.3117	434.2477	433.2977
432.7085	432.1385	431.0555	428.8513	426.0013	421.5929	415.9117	408.9763	401.718	396.0368
390.3554	386.5552	384.3512	382.774	380.57	378.9928	375.2116	371.1074	369.8344	369.5304
377.0928	385.6242	372.3616	363.526	362.5761	362.2721	360.0489	356.5907	332.9155	273.9177
237.6258	191.7385	78.702	25.5924	9.4164	4.9322	4.2695	3.9036	3.5091	3.2786
3.1019	3.0389	2.9978	2.9978	3.0011	3.0421	3.1084	3.1745	3.143	3.1683
3.1367	3.1177	3.0957	3.1367	3.0831	3.1588	3.1652	3.2851	3.3577	3.3797
3.427	3.405	3.4586	3.5059	3.5502	3.6543	3.7174	3.7867	3.875	3.9634
4.0329	4.1055	4.1654	4.1939	4.1939	4.2127	4.2096	4.1969	4.2159	4.2254
4.238	4.26	4.2885	4.2917	4.2917
444.337	443.406	441.563	439.7009	437.2119	434.1527	430.7135	427.3313	424.4051	421.5549
419.4839	416.7667	413.9165	409.9073	404.8721	398.868	391.3056	383.097	373.9386	366.3762
358.1679	351.8595	347.7553	345.8553	343.9551	342.0741	337.9699	333.5425	331.6615	330.3885
333.2385	340.1739	327.5573	317.7718	314.9408	313.3446	307.3594	295.6736	275.4947	230.0444
199.4339	165.4811	80.469	28.1802	8.8768	4.8249	4.1433	3.7837	3.4018	3.1745
3.0011	2.9475	2.919	2.9222	2.9347	2.9821	3.0546	3.1272	3.1084	3.1335
3.1114	3.1052	3.0894	3.1209	3.0611	3.1335	3.1367	3.2536	3.3197	3.3512
3.3955	3.3765	3.4303	3.4776	3.5279	3.629	3.7016	3.7614	3.8625	3.9509
4.0265	4.1023	4.1654	4.2001	4.2064	4.2317	4.2284	4.2222	4.238	4.2475
4.2537	4.2695	4.2948	4.2948	4.2885
444.337	442.418	440.5179	438.0099	434.5897	430.2765	425.2221	420.0729	415.2847	410.6675
406.3731	401.528	396.1508	390.0324	383.097	375.5156	365.7302	355.6407	345.8553	336.0697
325.3532	317.4488	312.7176	309.8864	307.0362	304.2052	300.101	295.0466	293.1656	292.2156
291.2654	297.2698	287.4843	273.9177	267.2863	260.9779	247.3924	230.0444	204.4883	173.5602
151.4699	125.6248	59.4198	22.879	8.4128	4.6924	3.9792	3.6227	3.2471	3.0358
2.8779	2.8339	2.8086	2.8243	2.8434	2.8937	2.9727	3.0516	3.0516	3.0894
3.0831	3.0831	3.0641	3.0957	3.0358	3.1084	3.1147	3.2283	3.2881	3.3166
3.3639	3.3512	3.3987	3.446	3.5059	3.607	3.6795	3.7299	3.8435	3.9351
4.0139	4.0898	4.1623	4.2034	4.2159	4.2475	4.2475	4.238	4.2569	4.2632
4.2664	4.2822	4.301	4.298	4.2885
444.337	443.596	441.316	437.6869	433.3357	427.6163	421.1559	414.4297	407.8743	401.148
394.3266	387.1632	379.943	372.3616	363.8491	354.0637	342.7011	330.7115	319.026	306.7322
295.3696	287.1612	281.8031	278.9529	274.8487	271.0675	266.0133	261.6051	260.0279	259.7049
259.7049	262.5551	251.1925	230.3674	219.955	209.8465	187.7597	168.1945	144.5269	121.1767
106.3445	90.9139	41.8116	17.9556	8.0026	4.4432	3.7614	3.4113	3.0579	2.8654
2.7202	2.6855	2.6729	2.695	2.7202	2.7801	2.8684	2.9568	2.9758	3.0263
3.0358	3.0421	3.02	3.0484	2.9978	3.0704	3.0799	3.1903	3.2471	3.2819
3.3324	3.3355	3.3735	3.4208	3.4806	3.5817	3.6573	3.7111	3.834	3.9193
4.0044	4.0865	4.1654	4.2064	4.2254	4.2569	4.26	4.26	4.2758	4.2822
4.2822	4.2917	4.3105	4.301	4.2917
444.337	444.337	441.734	437.4969	432.1005	425.1841	417.4507	409.2233	400.92	392.2366
383.287	374.0336	365.2932	355.9637	345.8553	334.8157	321.876	307.6824	293.4696	279.9029
268.5403	260.6549	254.9737	249.6154	245.8152	242.6612	239.83	239.203	239.203	239.83
240.134	234.1486	217.1048	191.5485	178.9243	166.6175	141.0573	121.1767	105.0829	89.9354
81.7306	72.2644	36.6681	16.0305	7.8354	4.1874	3.5279	3.1935	2.8527	2.6697
2.5403	2.5183	2.512	2.5435	2.5751	2.6414	2.7328	2.8276	2.8591	2.9347
2.9632	2.9695	2.9537	2.9758	2.941	3.0168	3.0358	3.1367	3.1998	3.2408
3.3009	3.3104	3.3419	3.3923	3.4523	3.5532	3.629	3.6826	3.812	3.9003
3.9919	4.077	4.1623	4.2064	4.2284	4.26	4.2695	4.2695	4.2885	4.2948
4.2948	4.3043	4.32	4.3075	4.2917
444.337	442.19	439.2638	434.5327	428.2813	420.3009	411.5035	402.06	392.1226	381.767
370.9174	360.2199	349.9975	339.5469	328.1843	315.5678	301.355	286.8383	271.0675	257.5007
245.5112	237.6258	230.0444	225.9402	222.463	221.836	224.9902	228.4674	229.4174	228.1444
222.463	209.5425	186.4981	158.7283	143.8961	130.9583	109.5006	95.932	85.5175	75.7359
70.0545	63.6798	36.3527	15.8728	7.9333	3.9319	3.3009	2.9727	2.6509	2.471
2.3573	2.3416	2.3448	2.3763	2.4174	2.4835	2.5813	2.6792	2.7265	2.8118
2.8622	2.8591	2.8559	2.8812	2.8622	2.9442	2.9758	3.0736	3.1399	3.1903
3.2536	3.2724	3.3039	3.3607	3.4145	3.5154	3.5912	3.6543	3.7837	3.872
3.9666	4.0582	4.1466	4.1969	4.2222	4.26	4.2758	4.2758	4.301	4.3075
4.3043	4.3168	4.3263	4.3105	4.2885
444.337	443.045	439.7769	434.3047	427.1413	418.1539	408.2353	397.5378	386.0612	373.9196
361.2651	349.2565	337.4377	325.3532	312.4136	298.8468	284.3303	269.1675	254.6507	242.034
229.4174	219.632	213.0006	209.5425	208.2695	211.7465	218.6818	220.886	219.3088	215.5276
202.9111	183.6574	156.8357	127.8022	115.4953	105.0829	91.197	80.469	70.6855	62.4807
58.3785	53.33	34.5228	16.5671	8.4729	3.6573	3.0611	2.7423	2.4394	2.2722
2.1774	2.1649	2.1744	2.2089	2.25	2.3195	2.4236	2.5278	2.5813	2.6572
2.717	2.7328	2.7455	2.7865	2.7738	2.8527	2.8907	2.9853	3.0674	3.1242
3.1935	3.2188	3.2536	3.3229	3.3735	3.4806	3.5532	3.6227	3.7489	3.8405
3.9351	4.0329	4.1243	4.1781	4.2096	4.2537	4.2727	4.279	4.3075	4.3138
4.3168	4.3233	4.3326	4.3138	4.2917
444.337	443.558	440.0619	434.0577	426.2293	416.3297	405.4611	393.7186	380.912	367.2502
353.3987	340.2119	327.2153	313.9906	299.4738	285.5843	271.0675	256.2277	242.3572	229.4174
216.8008	208.5925	203.5381	200.7071	201.6381	209.2195	216.1548	214.2736	209.5425	203.5381
185.2346	160.938	132.8528	107.9215	99.4015	92.7759	81.4152	70.6855	60.5883	51.122
46.7024	43.0105	31.0836	15.9043	8.154	3.3735	2.8369	2.5183	2.2374	2.0828
1.9912	1.9882	2.0039	2.0417	2.086	2.1554	2.2564	2.3573	2.4236	2.5057
2.5783	2.6161	2.6349	2.6792	2.6697	2.755	2.8023	2.9032	2.9916	3.0516
3.1242	3.1588	3.203	3.2786	3.3355	3.4553	3.5312	3.6005	3.7206	3.8152
3.9098	4.0107	4.1055	4.1623	4.1939	4.2475	4.2727	4.2822	4.3138	4.3233
4.3263	4.3326	4.339	4.3168	4.2917
444.337	441.886	438.1049	431.6825	423.1321	412.3775	400.768	387.9804	374.0906	359.3079
344.3731	330.5595	316.3468	301.678	287.4843	273.5947	259.0779	245.1882	232.5716	220.259
208.5925	201.9611	197.5339	195.3297	198.8069	208.5925	212.6966	206.6923	201.6381	194.0757
171.0352	142.6343	118.336	100.665	94.0376	88.3582	77.3129	67.8467	57.4323	46.7024
41.3385	36.1625	25.4347	14.4527	7.3716	3.1147	2.6224	2.31	2.048	1.8964
1.8238	1.827	1.846	1.8901	1.9314	2.0039	2.1018	2.2089	2.2847	2.3699
2.4489	2.493	2.5245	2.5751	2.5783	2.6697	2.7233	2.8243	2.9252	2.9885
3.0736	3.1019	3.1683	3.2471	3.3166	3.4365	3.5122	3.5847	3.7016	3.7962
3.8908	3.9949	4.0898	4.1433	4.1844	4.2412	4.2695	4.2853	4.32	4.3295
4.3326	4.339	4.3453	4.32	4.2917
444.337	441.449	437.4589	430.9035	421.7451	410.3635	398.2408	384.7692	369.6824	354.1017
338.2929	323.6052	308.4614	293.1656	278.9529	264.7591	250.5655	236.6758	223.4132	211.1195
202.5881	197.8569	194.3797	192.8027	198.1799	208.5925	208.8965	200.3841	193.1257	183.6574
157.1511	127.8022	108.8698	96.2474	90.5662	85.5175	78.2593	69.7391	58.3785	45.7562
39.7613	33.1662	22.4686	13.0011	6.6836	2.9032	2.4394	2.1238	1.8839	1.7355
1.6693	1.6849	1.7102	1.7575	1.7985	1.8776	1.9754	2.0797	2.1554	2.2407
2.3258	2.3763	2.4141	2.4805	2.4993	2.6003	2.6602	2.7643	2.8749	2.941
3.0451	3.0894	3.1652	3.2441	3.3009	3.4145	3.4933	3.5659	3.6858	3.7804
3.875	3.9824	4.074	4.1338	4.1781	4.2349	4.2664	4.2885	4.3233	4.339
4.3421	4.3483	4.3516	4.3233	4.2885
444.337	439.6439	435.5777	428.6233	419.2939	407.6843	395.0298	380.95	365.3882	349.1043
332.8205	317.5248	301.678	286.5343	272.0175	257.5007	242.9842	229.0944	215.5276	203.8611
197.5339	194.7027	191.5485	190.9215	198.1799	207.3193	203.8611	192.1755	183.6574	172.6122
143.5807	116.759	101.9268	90.8816	85.5175	82.0462	77.3129	68.4775	55.8553	43.2328
37.2362	30.7036	20.6064	12.0861	6.0967	2.736	2.31	1.9882	1.7607	1.6156
1.5588	1.5778	1.6093	1.6598	1.7009	1.7797	1.8806	1.9849	2.0607	2.1396
2.2247	2.2815	2.3321	2.4109	2.4457	2.5466	2.6161	2.7265	2.8401	2.9222
3.0389	3.0894	3.1557	3.2283	3.2851	3.3987	3.4776	3.5502	3.6668	3.7679
3.8656	3.9699	4.0645	4.1276	4.1686	4.2284	4.2632	4.2885	4.3263	4.3421
4.3483	4.3548	4.3516	4.3233	4.2853
444.337	439.8339	435.5397	428.1483	418.5909	406.6393	393.6426	378.9548	362.7661	345.9503
329.0393	313.2876	297.0798	281.8031	266.9633	252.4465	237.6258	223.7362	209.5425	198.4839
194.7027	193.1257	190.9215	191.8715	199.7569	207.6423	201.0111	187.4443	177.6627	164.723
133.799	110.4468	97.5091	85.5175	80.469	77.3129	75.1032	65.006	52.6992	40.7077
34.7128	28.9366	19.4703	11.7705	5.7338	2.6319	2.2217	1.9027	1.6882	1.54
1.4894	1.5115	1.5462	1.5998	1.6471	1.726	1.8238	1.9251	1.9977	2.0765
2.1616	2.2217	2.2785	2.3636	2.4046	2.512	2.5846	2.7012	2.8243	2.9064
3.0231	3.0736	3.143	3.2188	3.2756	3.3892	3.4648	3.5374	3.6605	3.7584
3.8593	3.9634	4.0582	4.1181	4.1623	4.2222	4.2632	4.2885	4.3263	4.3483
4.3548	4.3578	4.3516	4.3233	4.2853
444.337	442.38	438.1619	430.6565	420.6809	408.6153	395.3148	380.513	363.9631	346.7673
329.8183	313.7056	297.4408	282.1071	266.9633	252.4465	237.9298	223.109	209.2195	199.4339
196.6029	196.6029	194.7027	195.6527	204.7923	210.7964	202.9111	188.3905	177.3471	163.4614
130.6429	108.8698	96.2474	84.2559	79.5228	77.3129	75.1032	63.7444	51.4374	39.4459
33.7647	28.6535	18.9654	11.5811	5.5474	2.5656	2.1711	1.8491	1.6408	1.4957
1.4484	1.4767	1.5115	1.565	1.6156	1.6944	1.7955	1.8964	1.9661	2.045
2.1301	2.1901	2.2469	2.3353	2.3826	2.4962	2.5656	2.6824	2.8118	2.8969
3.0106	3.0641	3.1399	3.2125	3.2693	3.3797	3.4618	3.5374	3.6543	3.7552
3.8562	3.9604	4.055	4.1118	4.1591	4.2222	4.26	4.2885	4.3263	4.3516
4.3548	4.3578	4.3548	4.32	4.2853
444.337	442.855	438.5039	430.8655	420.5859	408.1403	394.7636	379.753	362.7661	345.6653
328.4313	312.0336	295.5596	280.2259	265.0821	250.5655	236.6758	221.532	207.6423	198.1799
196.2797	196.2797	195.0257	195.6527	205.1153	210.1695	202.5881	187.4443	176.0836	161.5688
129.3813	108.5542	95.932	84.5713	79.5228	77.6283	75.1032	64.3752	52.3838	39.7613
34.0801	28.9062	19.1226	11.6128	5.5034	2.5435	2.1521	1.8301	1.6283	1.4831
1.4389	1.4641	1.502	1.5588	1.6093	1.6914	1.786	1.8869	1.9629	2.0387
2.1206	2.1839	2.2407	2.329	2.3731	2.4867	2.5623	2.676	2.8086	2.8907
3.0106	3.0611	3.1367	3.2125	3.2629	3.3765	3.4586	3.5344	3.6543	3.7552
3.8562	3.9571	4.0518	4.1086	4.1591	4.2222	4.26	4.2853	4.3295	4.3548
4.3611	4.3611	4.3548	4.3233	4.2853