IESNA:LM-63-2002
[TEST] /23-03-2021 MDJ
[TESTLAB] ies2eulumdat.appspot.com
[ISSUEDATE] 2023-01-20T15:03:14.420
[MANUFAC] Louis Poulsen
[LUMCAT]
[LUMINAIRE] Icon Mini Opal LED 3000K ASYT3 3200lm
[LAMPCAT] LED 3000K
[LAMP] LED 3000K
TILT=NONE
1	3214	1	73	72	1	2	-0.410	-0.410	0.190
1.0	1.0	32.00
0	 2.5	 5	 7.5	 10	 12.5	 15	 17.5	 20	 22.5
25	 27.5	 30	 32.5	 35	 37.5	 40	 42.5	 45	 47.5
50	 52.5	 55	 57.5	 60	 62.5	 65	 67.5	 70	 72.5
75	 77.5	 80	 82.5	 85	 87.5	 90	 92.5	 95	 97.5
100	 102.5	 105	 107.5	 110	 112.5	 115	 117.5	 120	 122.5
125	 127.5	 130	 132.5	 135	 137.5	 140	 142.5	 145	 147.5
150	 152.5	 155	 157.5	 160	 162.5	 165	 167.5	 170	 172.5
175	 177.5	 180
0	 5	 10	 15	 20	 25	 30	 35	 40	 45
50	 55	 60	 65	 70	 75	 80	 85	 90	 95
100	 105	 110	 115	 120	 125	 130	 135	 140	 145
150	 155	 160	 165	 170	 175	 180	 185	 190	 195
200	 205	 210	 215	 220	 225	 230	 235	 240	 245
250	 255	 260	 265	 270	 275	 280	 285	 290	 295
300	 305	 310	 315	 320	 325	 330	 335	 340	 345
350	 355
950.0905	950.2512	951.1512	955.4901	956.39	955.4901	955.4901	963.0108	973.7134	984.4482
994.4759	1007.6854	1016.8132	1023.1769	1028.4157	1027.9658	1028.6407	1034.1366	1033.6867	1036.8685
1048.2461	1059.6558	1060.7807	1052.36	1037.9934	1090.6388	1186.6088	1186.1588	1212.6101	680.1467
97.7827	18.3712	12.354	7.9093	4.7182	2.8264	2.4389	2.7124	2.9403	3.1911
3.4875	3.6926	3.8063	3.8748	4.0117	4.5587	4.6044	3.8976	3.8976	4.1939
4.6044	3.9204	3.4191	3.4419	3.6926	3.2593	3.0999	3.0771	3.214	3.2593
3.1911	3.0999	2.9859	2.8947	2.8491	2.8036	2.7124	2.6212	2.5072	2.4161
2.4845	2.5756	2.5047
950.0905	961.4038	971.9136	983.7411	994.9258	1004.0536	1015.6561	1026.6159	1041.8824	1058.2738
1075.5972	1097.0346	1115.033	1126.6677	1130.7816	1130.7816	1130.5566	1133.2885	1132.3565	1134.8634
1139.8772	1144.6661	1144.2161	1144.6661	1145.1161	1212.835	1427.9802	1475.1617	1479.7256	820.7913
108.0386	18.4625	12.4449	7.955	4.741	2.8264	2.3933	2.5984	2.8036	3.0315
3.2593	3.4647	3.5556	3.6469	3.761	4.2396	4.2624	3.6469	3.6697	3.8976
4.2396	3.6926	3.305	3.305	3.4875	3.1683	3.0543	3.0543	3.1683	3.214
3.1454	3.0771	2.9631	2.8947	2.8491	2.8036	2.7352	2.6212	2.5072	2.4389
2.4617	2.5756	2.5047
950.0905	970.3066	992.4189	1014.5312	1032.3047	1047.3462	1060.1058	1075.1473	1087.9069	1102.9484
1119.8219	1133.5135	1142.3842	1150.837	1152.8939	1153.5689	1157.6507	1159.2577	1162.2145	1169.2853
1182.752	1199.5934	1216.9168	1234.2403	1262.9734	1355.2795	1647.9464	1733.6637	1688.0571	887.3533
113.2806	18.6219	12.4677	7.955	4.7182	2.8036	2.2793	2.4617	2.644	2.8264
3.0087	3.214	3.305	3.3962	3.4875	3.8292	3.8748	3.4647	3.4875	3.6469
3.8976	3.4875	3.1911	3.1911	3.3278	3.0999	3.0087	3.0543	3.1911	3.1911
3.1454	3.0771	2.9631	2.8947	2.8491	2.8491	2.758	2.6212	2.53	2.4389
2.4617	2.5756	2.5047
950.0905	983.2912	1011.3494	1038.4434	1060.7807	1078.5863	1089.0639	1090.1888	1092.6957	1101.3735
1111.8512	1121.4289	1137.1453	1150.612	1160.4147	1170.4424	1184.5518	1195.2866	1210.7781	1229.9335
1261.5914	1288.7176	1315.3938	1346.6339	1385.5875	1482.6825	1784.7021	1895.9386	1822.5308	970.0816
163.4287	19.0323	12.3768	7.9093	4.6725	2.758	2.2337	2.3705	2.5072	2.644
2.8036	2.9859	3.0771	3.1683	3.2365	3.3734	3.4419	3.305	3.3278	3.4191
3.5556	3.3278	3.1227	3.1227	3.1911	3.0543	3.0087	3.0543	3.1454	3.1911
3.1454	3.0543	2.9859	2.9175	2.8947	2.8491	2.758	2.6668	2.53	2.4617
2.4617	2.5528	2.5047
950.0905	993.0939	1027.7408	1061.0378	1082.893	1088.389	1085.882	1078.8112	1076.5293	1083.118
1101.8235	1122.3288	1138.7523	1161.9896	1183.202	1202.8074	1226.2696	1249.9889	1273.901	1310.6049
1362.3503	1399.0542	1431.6442	1477.9258	1510.9657	1567.9499	1816.8421	1942.8951	1813.8852	1045.0642
218.3592	20.1492	12.1942	7.7724	4.6044	2.758	2.1654	2.2793	2.3933	2.53
2.6668	2.8036	2.8947	2.9859	3.0543	3.1683	3.1911	3.1227	3.1227	3.1911
3.2593	3.1227	3.0087	2.9859	3.0315	2.9859	2.9631	3.0087	3.1454	3.1454
3.1227	3.0543	2.9859	2.9403	2.8947	2.8491	2.7808	2.6668	2.5528	2.4617
2.4617	2.5528	2.5047
950.0905	1001.9966	1043.7144	1074.6973	1086.557	1079.9361	1069.6835	1063.5447	1068.7836	1079.0362
1099.0916	1122.7788	1149.005	1179.088	1201.6503	1230.1585	1264.0983	1304.6912	1365.5322	1436.883
1508.2338	1546.0626	1571.3567	1597.358	1587.1053	1590.9621	1692.8459	1763.0397	1600.7648	1009.7424
274.6588	23.1122	11.8526	7.5445	4.4903	2.7352	2.1654	2.2565	2.3477	2.4617
2.5756	2.6668	2.7808	2.8719	2.9175	3.0315	3.0543	2.9631	2.9859	3.0087
3.0771	2.9859	2.8947	2.8947	2.9403	2.9175	2.9631	2.9631	3.0771	3.1227
3.0999	3.0543	2.9631	2.9403	2.8947	2.8719	2.7808	2.6896	2.5528	2.4389
2.4617	2.5301	2.5047
950.0905	1010.6423	1053.742	1083.3751	1079.7112	1063.0626	1056.249	1056.6989	1063.2876	1078.1042
1099.0916	1126.2177	1157.6507	1185.9339	1215.117	1257.0597	1308.548	1381.5058	1484.2895	1599.3828
1656.1421	1648.3963	1647.0464	1607.6107	1542.4307	1500.938	1479.2756	1494.0922	1332.7172	826.2551
276.0247	31.3863	11.3509	7.2482	4.3534	2.7352	2.2109	2.2793	2.3477	2.4389
2.53	2.6212	2.7124	2.758	2.8264	2.9175	2.9403	2.8947	2.8947	2.9403
2.9859	2.9175	2.8491	2.8719	2.9175	2.9175	2.9175	2.9631	3.0543	3.0771
3.0543	3.0087	2.9631	2.9403	2.9175	2.8947	2.8264	2.7124	2.5984	2.4617
2.4617	2.5301	2.5047
950.0905	1018.388	1063.9947	1082.2181	1069.2335	1054.417	1045.2892	1049.4031	1062.6127	1076.0793
1096.3597	1126.4427	1156.9757	1191.1727	1230.8334	1282.3539	1359.8434	1466.966	1597.583	1700.5917
1710.3944	1679.1864	1641.1005	1575.2457	1489.9783	1418.6596	1298.2953	1112.0761	911.4904	564.3463
196.9346	26.5541	10.6901	6.8381	4.1711	2.6896	2.2337	2.3249	2.3933	2.4617
2.53	2.6212	2.6896	2.7352	2.8036	2.8947	2.9403	2.8719	2.8947	2.9403
3.0087	2.9403	2.8947	2.8947	2.9403	2.8947	2.8947	2.9403	3.0087	3.0315
3.0087	2.9631	2.9403	2.9403	2.9403	2.8947	2.8264	2.7352	2.5984	2.4617
2.4617	2.5072	2.5047
950.0905	1022.277	1069.9085	1077.2042	1057.1489	1046.8962	1040.5004	1045.0642	1061.9377	1074.0224
1097.0346	1122.7788	1151.7369	1187.0588	1234.0153	1302.1842	1399.7291	1530.3461	1666.1697	1735.0136
1721.1291	1699.4668	1651.6103	1565.8929	1490.9103	1249.5068	953.2081	717.3005	523.3356	273.2896
73.1667	19.8072	10.0061	6.4049	3.9889	2.6668	2.2565	2.3249	2.4161	2.4845
2.5528	2.644	2.7124	2.758	2.8491	2.9403	2.9631	2.8947	2.9403	2.9859
3.0543	2.9859	2.9175	2.9175	2.9403	2.9175	2.9175	2.9175	2.9859	2.9859
2.9859	2.9403	2.9403	2.9403	2.9403	2.9175	2.8491	2.758	2.5984	2.4617
2.4845	2.5072	2.5047
950.0905	1025.2339	1074.9223	1069.2335	1046.6712	1041.6574	1038.7005	1048.0211	1057.1489	1069.2335
1088.8389	1116.415	1145.3732	1179.088	1235.8473	1322.2396	1432.5441	1573.6387	1692.621	1743.4664
1749.6052	1722.704	1678.0294	1618.7632	1347.3088	993.7688	684.4856	407.5352	209.241	89.5774
41.0267	18.8726	9.5732	6.0857	3.852	2.6212	2.2793	2.3477	2.4389	2.53
2.5984	2.6896	2.7352	2.8036	2.8719	2.9631	2.9859	2.9403	2.9631	3.0087
3.0999	3.0087	2.9631	2.9631	2.9631	2.9631	2.9175	2.9403	2.9859	2.9859
2.9631	2.9403	2.9403	2.9403	2.9403	2.9175	2.8947	2.7808	2.644	2.5072
2.4845	2.5301	2.5047
950.0905	1033.4296	1076.9793	1060.7807	1040.2754	1035.7115	1038.4434	1044.8393	1058.0488	1070.3584
1089.7388	1110.9512	1135.7955	1170.6674	1234.9474	1330.4353	1444.8537	1571.8067	1680.5363	1746.4233
1761.2399	1733.1816	1719.9721	1510.0336	1175.6812	806.4247	453.3668	216.5368	120.12	72.7103
41.4831	22.0866	9.5276	5.835	3.7382	2.6212	2.3021	2.3933	2.4845	2.5528
2.6212	2.7124	2.7808	2.8264	2.9175	3.0087	3.0543	3.0087	3.0087	3.0771
3.1454	3.0543	2.9859	3.0087	3.0315	2.9859	2.9403	2.9403	2.9859	3.0087
2.9631	2.9403	2.9175	2.9175	2.9403	2.9175	2.8947	2.7808	2.644	2.5072
2.4845	2.5301	2.5047
950.0905	1039.1505	1080.1611	1055.3169	1035.9365	1033.6867	1039.8254	1046.6712	1057.1489	1069.0085
1085.6249	1099.7665	1121.2039	1163.5966	1235.6223	1325.1965	1426.6303	1529.864	1618.5383	1703.5486
1730.4497	1745.7162	1646.3394	1337.0561	1024.7839	621.5555	309.5307	193.9713	124.6775	79.5497
52.8799	32.7539	10.2112	5.63	3.6469	2.5984	2.3249	2.4161	2.5072	2.5756
2.6668	2.7352	2.8036	2.8947	2.9403	3.0771	3.0999	3.0543	3.0543	3.1227
3.214	3.1227	3.0315	3.0543	3.0543	3.0087	3.0087	2.9859	3.0087	3.0087
2.9859	2.9631	2.9175	2.9175	2.9403	2.9403	2.8947	2.8264	2.6668	2.53
2.5072	2.5301	2.5047
950.0905	1042.3323	1077.4292	1051.4601	1036.4186	1033.2046	1038.2184	1048.0211	1056.024	1066.5016
1079.0362	1094.5277	1115.5151	1168.1604	1235.6223	1304.6912	1376.4919	1428.6873	1502.2879	1605.3287
1671.6657	1691.014	1496.1491	1208.9461	866.1409	468.6333	303.1509	199.8947	131.7451	94.8194
68.3811	36.0804	10.6444	5.4477	3.5785	2.6212	2.3249	2.4389	2.5072	2.5984
2.6896	2.7808	2.8491	2.9175	3.0087	3.1227	3.1683	3.0999	3.0999	3.1911
3.2821	3.1911	3.0999	3.0999	3.1227	3.0543	3.0315	3.0087	3.0315	3.0315
3.0087	2.9631	2.9403	2.9403	2.9403	2.9403	2.8947	2.8264	2.6896	2.5528
2.53	2.5072	2.5047
950.0905	1046.8962	1076.9793	1044.3893	1033.4296	1029.3478	1038.4434	1046.8962	1055.7669	1066.0517
1076.5293	1087.9069	1117.5399	1174.0742	1234.0153	1282.8038	1286.6606	1309.255	1376.4919	1485.4465
1593.694	1580.0345	1349.5907	1084.275	720.0324	437.6182	305.2014	202.858	148.8403	105.3035
62.4544	31.3407	10.5303	5.3108	3.5328	2.5984	2.3477	2.4389	2.5301	2.6212
2.7352	2.8036	2.8947	2.9859	3.0543	3.1911	3.2365	3.1227	3.1454	3.214
3.3278	3.2365	3.1454	3.1454	3.1911	3.0999	3.0543	3.0315	3.0543	3.0543
3.0087	2.9859	2.9403	2.9403	2.9403	2.9403	2.9175	2.8264	2.7124	2.5756
2.53	2.5072	2.5047
950.0905	1051.4601	1075.5972	1038.2184	1026.1338	1029.3478	1035.7115	1045.0642	1053.742	1062.1627
1076.5293	1086.332	1126.4427	1182.977	1235.8473	1213.06	1198.9184	1208.0462	1271.8441	1374.21
1485.6715	1443.9538	1212.835	962.1109	598.5432	425.7907	302.4663	211.9762	151.5755	93.4535
52.4236	27.2605	10.0746	5.1514	3.51	2.6212	2.3705	2.4617	2.5528	2.644
2.758	2.8264	2.9175	3.0087	3.0999	3.2821	3.305	3.1683	3.1911	3.2821
3.3734	3.2821	3.1683	3.1683	3.2365	3.1454	3.0771	3.0543	3.0999	3.0771
3.0315	2.9859	2.9403	2.9631	2.9403	2.9403	2.9175	2.8264	2.7124	2.5756
2.5528	2.53	2.5047
950.0905	1052.585	1073.5724	1037.7685	1025.6838	1027.0658	1033.6867	1042.1074	1053.742	1061.0378
1075.8544	1087.2319	1139.6523	1191.8476	1216.6918	1166.1035	1144.8911	1143.7662	1203.0323	1300.1273
1384.2377	1308.098	1075.1473	813.4955	498.2664	378.8342	284.6865	199.8947	139.0376	80.9157
46.4969	24.2062	9.8011	5.0601	3.4647	2.5984	2.3933	2.4845	2.5756	2.6668
2.758	2.8491	2.9403	3.0315	3.1683	3.3278	3.3506	3.214	3.2365	3.305
3.4419	3.305	3.214	3.214	3.2821	3.1454	3.0771	3.0771	3.0999	3.0771
3.0543	3.0087	2.9631	2.9403	2.9631	2.9631	2.9175	2.8264	2.7124	2.5756
2.5528	2.53	2.5047
950.0905	1053.5171	1073.5724	1037.3185	1024.5589	1027.0658	1032.9796	1042.1074	1051.9101	1061.0378
1072.6404	1091.5708	1149.6799	1188.6658	1188.8907	1134.1885	1114.808	1109.3442	1167.7105	1266.1553
1314.4939	1202.8074	965.0678	680.3717	412.0991	317.2797	239.3273	170.7213	112.1429	66.7837
38.5198	21.0382	9.3453	4.9688	3.4419	2.5984	2.3705	2.5072	2.5756	2.6896
2.7808	2.8719	2.9631	3.0543	3.1911	3.3734	3.3734	3.2593	3.2593	3.3278
3.4647	3.3734	3.2365	3.2593	3.305	3.1683	3.0999	3.0999	3.1227	3.0999
3.0543	2.9859	2.9403	2.9403	2.9403	2.9403	2.8947	2.8264	2.7124	2.5984
2.5528	2.53	2.5047
950.0905	1055.5419	1071.7404	1034.5866	1026.3909	1028.4157	1030.0227	1037.5435	1050.3031	1058.7559
1073.3474	1093.4028	1154.2438	1183.202	1171.7923	1113.9081	1095.2026	1084.5	1147.623	1252.0458
1279.8469	1138.3024	892.8171	586.2336	346.9192	262.3492	195.3373	137.6717	88.6646	54.7023
32.365	18.6676	9.049	4.9004	3.4419	2.6212	2.3933	2.4845	2.5756	2.7124
2.8036	2.8947	2.9859	3.0771	3.1911	3.3734	3.3962	3.2593	3.2821	3.3506
3.4647	3.3506	3.2593	3.2593	3.3278	3.1683	3.1227	3.0999	3.1227	3.1227
3.0771	3.0087	2.9631	2.9403	2.9403	2.9403	2.8947	2.8036	2.7124	2.5984
2.5756	2.53	2.5047
950.0905	1056.249	1069.9085	1033.4296	1023.884	1029.7977	1027.9658	1037.5435	1050.3031	1058.9809
1073.0903	1092.2458	1156.5258	1181.145	1164.2715	1105.9374	1089.0639	1074.9223	1141.4842	1244.975
1265.9303	1114.1331	866.1409	555.2506	320.018	241.6092	180.0676	125.3621	79.3215	49.6884
30.0869	17.9155	8.9806	4.8779	3.4191	2.5984	2.3705	2.5072	2.5984	2.6896
2.7808	2.8719	2.9631	3.0999	3.1911	3.3734	3.4191	3.2821	3.2821	3.3734
3.4647	3.3734	3.2365	3.2821	3.3278	3.1911	3.0999	3.0999	3.1454	3.0999
3.0543	3.0087	2.9631	2.9631	2.9631	2.9631	2.9175	2.8264	2.7352	2.5984
2.5984	2.5528	2.5047
950.0905	1055.5419	1071.7404	1034.5866	1026.3909	1028.4157	1030.0227	1037.5435	1050.3031	1058.7559
1073.3474	1093.4028	1154.2438	1183.202	1171.7923	1113.9081	1095.2026	1084.5	1147.623	1252.0458
1279.8469	1138.3024	892.8171	586.2336	346.9192	262.3492	195.3373	137.6717	88.6646	54.7023
32.365	18.6676	9.049	4.9004	3.4419	2.6212	2.3933	2.4845	2.5756	2.7124
2.8036	2.8947	2.9859	3.0771	3.1911	3.3734	3.3962	3.2593	3.2821	3.3506
3.4647	3.3506	3.2593	3.2593	3.3278	3.1683	3.1227	3.0999	3.1227	3.1227
3.0771	3.0087	2.9631	2.9403	2.9403	2.9403	2.8947	2.8036	2.7124	2.5984
2.5756	2.53	2.5047
950.0905	1053.5171	1073.5724	1037.3185	1024.5589	1027.0658	1032.9796	1042.1074	1051.9101	1061.0378
1072.6404	1091.5708	1149.6799	1188.6658	1188.8907	1134.1885	1114.808	1109.3442	1167.7105	1266.1553
1314.4939	1202.8074	965.0678	680.3717	412.0991	317.2797	239.3273	170.7213	112.1429	66.7837
38.5198	21.0382	9.3453	4.9688	3.4419	2.5984	2.3705	2.5072	2.5756	2.6896
2.7808	2.8719	2.9631	3.0543	3.1911	3.3734	3.3734	3.2593	3.2593	3.3278
3.4647	3.3734	3.2365	3.2593	3.305	3.1683	3.0999	3.0999	3.1227	3.0999
3.0543	2.9859	2.9403	2.9403	2.9403	2.9403	2.8947	2.8264	2.7124	2.5984
2.5528	2.53	2.5047
950.0905	1052.585	1073.5724	1037.7685	1025.6838	1027.0658	1033.6867	1042.1074	1053.742	1061.0378
1075.8544	1087.2319	1139.6523	1191.8476	1216.6918	1166.1035	1144.8911	1143.7662	1203.0323	1300.1273
1384.2377	1308.098	1075.1473	813.4955	498.2664	378.8342	284.6865	199.8947	139.0376	80.9157
46.4969	24.2062	9.8011	5.0601	3.4647	2.5984	2.3933	2.4845	2.5756	2.6668
2.758	2.8491	2.9403	3.0315	3.1683	3.3278	3.3506	3.214	3.2365	3.305
3.4419	3.305	3.214	3.214	3.2821	3.1454	3.0771	3.0771	3.0999	3.0771
3.0543	3.0087	2.9631	2.9403	2.9631	2.9631	2.9175	2.8264	2.7124	2.5756
2.5528	2.53	2.5047
950.0905	1051.4601	1075.5972	1038.2184	1026.1338	1029.3478	1035.7115	1045.0642	1053.742	1062.1627
1076.5293	1086.332	1126.4427	1182.977	1235.8473	1213.06	1198.9184	1208.0462	1271.8441	1374.21
1485.6715	1443.9538	1212.835	962.1109	598.5432	425.7907	302.4663	211.9762	151.5755	93.4535
52.4236	27.2605	10.0746	5.1514	3.51	2.6212	2.3705	2.4617	2.5528	2.644
2.758	2.8264	2.9175	3.0087	3.0999	3.2821	3.305	3.1683	3.1911	3.2821
3.3734	3.2821	3.1683	3.1683	3.2365	3.1454	3.0771	3.0543	3.0999	3.0771
3.0315	2.9859	2.9403	2.9631	2.9403	2.9403	2.9175	2.8264	2.7124	2.5756
2.5528	2.53	2.5047
950.0905	1046.8962	1076.9793	1044.3893	1033.4296	1029.3478	1038.4434	1046.8962	1055.7669	1066.0517
1076.5293	1087.9069	1117.5399	1174.0742	1234.0153	1282.8038	1286.6606	1309.255	1376.4919	1485.4465
1593.694	1580.0345	1349.5907	1084.275	720.0324	437.6182	305.2014	202.858	148.8403	105.3035
62.4544	31.3407	10.5303	5.3108	3.5328	2.5984	2.3477	2.4389	2.5301	2.6212
2.7352	2.8036	2.8947	2.9859	3.0543	3.1911	3.2365	3.1227	3.1454	3.214
3.3278	3.2365	3.1454	3.1454	3.1911	3.0999	3.0543	3.0315	3.0543	3.0543
3.0087	2.9859	2.9403	2.9403	2.9403	2.9403	2.9175	2.8264	2.7124	2.5756
2.53	2.5072	2.5047
950.0905	1042.3323	1077.4292	1051.4601	1036.4186	1033.2046	1038.2184	1048.0211	1056.024	1066.5016
1079.0362	1094.5277	1115.5151	1168.1604	1235.6223	1304.6912	1376.4919	1428.6873	1502.2879	1605.3287
1671.6657	1691.014	1496.1491	1208.9461	866.1409	468.6333	303.1509	199.8947	131.7451	94.8194
68.3811	36.0804	10.6444	5.4477	3.5785	2.6212	2.3249	2.4389	2.5072	2.5984
2.6896	2.7808	2.8491	2.9175	3.0087	3.1227	3.1683	3.0999	3.0999	3.1911
3.2821	3.1911	3.0999	3.0999	3.1227	3.0543	3.0315	3.0087	3.0315	3.0315
3.0087	2.9631	2.9403	2.9403	2.9403	2.9403	2.8947	2.8264	2.6896	2.5528
2.53	2.5072	2.5047
950.0905	1039.1505	1080.1611	1055.3169	1035.9365	1033.6867	1039.8254	1046.6712	1057.1489	1069.0085
1085.6249	1099.7665	1121.2039	1163.5966	1235.6223	1325.1965	1426.6303	1529.864	1618.5383	1703.5486
1730.4497	1745.7162	1646.3394	1337.0561	1024.7839	621.5555	309.5307	193.9713	124.6775	79.5497
52.8799	32.7539	10.2112	5.63	3.6469	2.5984	2.3249	2.4161	2.5072	2.5756
2.6668	2.7352	2.8036	2.8947	2.9403	3.0771	3.0999	3.0543	3.0543	3.1227
3.214	3.1227	3.0315	3.0543	3.0543	3.0087	3.0087	2.9859	3.0087	3.0087
2.9859	2.9631	2.9175	2.9175	2.9403	2.9403	2.8947	2.8264	2.6668	2.53
2.5072	2.5301	2.5047
950.0905	1033.4296	1076.9793	1060.7807	1040.2754	1035.7115	1038.4434	1044.8393	1058.0488	1070.3584
1089.7388	1110.9512	1135.7955	1170.6674	1234.9474	1330.4353	1444.8537	1571.8067	1680.5363	1746.4233
1761.2399	1733.1816	1719.9721	1510.0336	1175.6812	806.4247	453.3668	216.5368	120.12	72.7103
41.4831	22.0866	9.5276	5.835	3.7382	2.6212	2.3021	2.3933	2.4845	2.5528
2.6212	2.7124	2.7808	2.8264	2.9175	3.0087	3.0543	3.0087	3.0087	3.0771
3.1454	3.0543	2.9859	3.0087	3.0315	2.9859	2.9403	2.9403	2.9859	3.0087
2.9631	2.9403	2.9175	2.9175	2.9403	2.9175	2.8947	2.7808	2.644	2.5072
2.4845	2.5301	2.5047
950.0905	1025.2339	1074.9223	1069.2335	1046.6712	1041.6574	1038.7005	1048.0211	1057.1489	1069.2335
1088.8389	1116.415	1145.3732	1179.088	1235.8473	1322.2396	1432.5441	1573.6387	1692.621	1743.4664
1749.6052	1722.704	1678.0294	1618.7632	1347.3088	993.7688	684.4856	407.5352	209.241	89.5774
41.0267	18.8726	9.5732	6.0857	3.852	2.6212	2.2793	2.3477	2.4389	2.53
2.5984	2.6896	2.7352	2.8036	2.8719	2.9631	2.9859	2.9403	2.9631	3.0087
3.0999	3.0087	2.9631	2.9631	2.9631	2.9631	2.9175	2.9403	2.9859	2.9859
2.9631	2.9403	2.9403	2.9403	2.9403	2.9175	2.8947	2.7808	2.644	2.5072
2.4845	2.5301	2.5047
950.0905	1022.277	1069.9085	1077.2042	1057.1489	1046.8962	1040.5004	1045.0642	1061.9377	1074.0224
1097.0346	1122.7788	1151.7369	1187.0588	1234.0153	1302.1842	1399.7291	1530.3461	1666.1697	1735.0136
1721.1291	1699.4668	1651.6103	1565.8929	1490.9103	1249.5068	953.2081	717.3005	523.3356	273.2896
73.1667	19.8072	10.0061	6.4049	3.9889	2.6668	2.2565	2.3249	2.4161	2.4845
2.5528	2.644	2.7124	2.758	2.8491	2.9403	2.9631	2.8947	2.9403	2.9859
3.0543	2.9859	2.9175	2.9175	2.9403	2.9175	2.9175	2.9175	2.9859	2.9859
2.9859	2.9403	2.9403	2.9403	2.9403	2.9175	2.8491	2.758	2.5984	2.4617
2.4845	2.5072	2.5047
950.0905	1018.388	1063.9947	1082.2181	1069.2335	1054.417	1045.2892	1049.4031	1062.6127	1076.0793
1096.3597	1126.4427	1156.9757	1191.1727	1230.8334	1282.3539	1359.8434	1466.966	1597.583	1700.5917
1710.3944	1679.1864	1641.1005	1575.2457	1489.9783	1418.6596	1298.2953	1112.0761	911.4904	564.3463
196.9346	26.5541	10.6901	6.8381	4.1711	2.6896	2.2337	2.3249	2.3933	2.4617
2.53	2.6212	2.6896	2.7352	2.8036	2.8947	2.9403	2.8719	2.8947	2.9403
3.0087	2.9403	2.8947	2.8947	2.9403	2.8947	2.8947	2.9403	3.0087	3.0315
3.0087	2.9631	2.9403	2.9403	2.9403	2.8947	2.8264	2.7352	2.5984	2.4617
2.4617	2.5072	2.5047
950.0905	1010.6423	1053.742	1083.3751	1079.7112	1063.0626	1056.249	1056.6989	1063.2876	1078.1042
1099.0916	1126.2177	1157.6507	1185.9339	1215.117	1257.0597	1308.548	1381.5058	1484.2895	1599.3828
1656.1421	1648.3963	1647.0464	1607.6107	1542.4307	1500.938	1479.2756	1494.0922	1332.7172	826.2551
276.0247	31.3863	11.3509	7.2482	4.3534	2.7352	2.2109	2.2793	2.3477	2.4389
2.53	2.6212	2.7124	2.758	2.8264	2.9175	2.9403	2.8947	2.8947	2.9403
2.9859	2.9175	2.8491	2.8719	2.9175	2.9175	2.9175	2.9631	3.0543	3.0771
3.0543	3.0087	2.9631	2.9403	2.9175	2.8947	2.8264	2.7124	2.5984	2.4617
2.4617	2.5301	2.5047
950.0905	1001.9966	1043.7144	1074.6973	1086.557	1079.9361	1069.6835	1063.5447	1068.7836	1079.0362
1099.0916	1122.7788	1149.005	1179.088	1201.6503	1230.1585	1264.0983	1304.6912	1365.5322	1436.883
1508.2338	1546.0626	1571.3567	1597.358	1587.1053	1590.9621	1692.8459	1763.0397	1600.7648	1009.7424
274.6588	23.1122	11.8526	7.5445	4.4903	2.7352	2.1654	2.2565	2.3477	2.4617
2.5756	2.6668	2.7808	2.8719	2.9175	3.0315	3.0543	2.9631	2.9859	3.0087
3.0771	2.9859	2.8947	2.8947	2.9403	2.9175	2.9631	2.9631	3.0771	3.1227
3.0999	3.0543	2.9631	2.9403	2.8947	2.8719	2.7808	2.6896	2.5528	2.4389
2.4617	2.5301	2.5047
950.0905	993.0939	1027.7408	1061.0378	1082.893	1088.389	1085.882	1078.8112	1076.5293	1083.118
1101.8235	1122.3288	1138.7523	1161.9896	1183.202	1202.8074	1226.2696	1249.9889	1273.901	1310.6049
1362.3503	1399.0542	1431.6442	1477.9258	1510.9657	1567.9499	1816.8421	1942.8951	1813.8852	1045.0642
218.3592	20.1492	12.1942	7.7724	4.6044	2.758	2.1654	2.2793	2.3933	2.53
2.6668	2.8036	2.8947	2.9859	3.0543	3.1683	3.1911	3.1227	3.1227	3.1911
3.2593	3.1227	3.0087	2.9859	3.0315	2.9859	2.9631	3.0087	3.1454	3.1454
3.1227	3.0543	2.9859	2.9403	2.8947	2.8491	2.7808	2.6668	2.5528	2.4617
2.4617	2.5528	2.5047
950.0905	983.2912	1011.3494	1038.4434	1060.7807	1078.5863	1089.0639	1090.1888	1092.6957	1101.3735
1111.8512	1121.4289	1137.1453	1150.612	1160.4147	1170.4424	1184.5518	1195.2866	1210.7781	1229.9335
1261.5914	1288.7176	1315.3938	1346.6339	1385.5875	1482.6825	1784.7021	1895.9386	1822.5308	970.0816
163.4287	19.0323	12.3768	7.9093	4.6725	2.758	2.2337	2.3705	2.5072	2.644
2.8036	2.9859	3.0771	3.1683	3.2365	3.3734	3.4419	3.305	3.3278	3.4191
3.5556	3.3278	3.1227	3.1227	3.1911	3.0543	3.0087	3.0543	3.1454	3.1911
3.1454	3.0543	2.9859	2.9175	2.8947	2.8491	2.758	2.6668	2.53	2.4617
2.4617	2.5528	2.5047
950.0905	970.3066	992.4189	1014.5312	1032.3047	1047.3462	1060.1058	1075.1473	1087.9069	1102.9484
1119.8219	1133.5135	1142.3842	1150.837	1152.8939	1153.5689	1157.6507	1159.2577	1162.2145	1169.2853
1182.752	1199.5934	1216.9168	1234.2403	1262.9734	1355.2795	1647.9464	1733.6637	1688.0571	887.3533
113.2806	18.6219	12.4677	7.955	4.7182	2.8036	2.2793	2.4617	2.644	2.8264
3.0087	3.214	3.305	3.3962	3.4875	3.8292	3.8748	3.4647	3.4875	3.6469
3.8976	3.4875	3.1911	3.1911	3.3278	3.0999	3.0087	3.0543	3.1911	3.1911
3.1454	3.0771	2.9631	2.8947	2.8491	2.8491	2.758	2.6212	2.53	2.4389
2.4617	2.5756	2.5047
950.0905	961.4038	971.9136	983.7411	994.9258	1004.0536	1015.6561	1026.6159	1041.8824	1058.2738
1075.5972	1097.0346	1115.033	1126.6677	1130.7816	1130.7816	1130.5566	1133.2885	1132.3565	1134.8634
1139.8772	1144.6661	1144.2161	1144.6661	1145.1161	1212.835	1427.9802	1475.1617	1479.7256	820.7913
108.0386	18.4625	12.4449	7.955	4.741	2.8264	2.3933	2.5984	2.8036	3.0315
3.2593	3.4647	3.5556	3.6469	3.761	4.2396	4.2624	3.6469	3.6697	3.8976
4.2396	3.6926	3.305	3.305	3.4875	3.1683	3.0543	3.0543	3.1683	3.214
3.1454	3.0771	2.9631	2.8947	2.8491	2.8036	2.7352	2.6212	2.5072	2.4389
2.4617	2.5756	2.5047
950.0905	950.2512	951.1512	955.4901	956.39	955.4901	955.4901	963.0108	973.7134	984.4482
994.4759	1007.6854	1016.8132	1023.1769	1028.4157	1027.9658	1028.6407	1034.1366	1033.6867	1036.8685
1048.2461	1059.6558	1060.7807	1052.36	1037.9934	1090.6388	1186.6088	1186.1588	1212.6101	680.1467
97.7827	18.3712	12.354	7.9093	4.7182	2.8264	2.4389	2.7124	2.9403	3.1911
3.4875	3.6926	3.8063	3.8748	4.0117	4.5587	4.6044	3.8976	3.8976	4.1939
4.6044	3.9204	3.4191	3.4419	3.6926	3.2593	3.0999	3.0771	3.214	3.2593
3.1911	3.0999	2.9859	2.8947	2.8491	2.8036	2.7124	2.6212	2.5072	2.4161
2.4845	2.5756	2.5047
950.0905	942.0555	931.3208	927.464	918.5612	915.8293	911.0404	908.7585	905.3517	907.6336
911.9404	914.4473	917.8863	919.7182	917.4363	912.1975	904.9017	903.5197	901.9127	900.5628
903.5197	905.8016	908.5335	904.9017	906.4766	955.0401	969.4067	963.2358	1002.6716	607.446
95.0476	18.1662	12.2171	7.7724	4.6497	2.7808	2.4845	2.8036	3.0771	3.3734
3.6697	3.9204	4.0117	4.0799	4.2168	4.8322	4.8551	4.1027	4.1255	4.4446
4.9004	4.1255	3.5556	3.5328	3.8063	3.305	3.1227	3.1227	3.2821	3.2821
3.214	3.1227	2.9859	2.8947	2.8264	2.8036	2.7124	2.5984	2.4845	2.3933
2.4845	2.5756	2.5047
950.0905	933.1528	916.2793	906.7015	894.3919	886.4212	876.8435	865.6909	857.4952	849.4923
839.6896	828.0871	815.7775	802.0858	785.2123	764.0321	740.7949	717.5255	697.4701	676.0328
655.7524	640.2609	626.3443	609.7279	605.839	647.3317	631.6153	624.9944	651.8956	436.2684
80.9157	17.7332	11.9664	7.5902	4.5131	2.7352	2.53	2.8491	3.1227	3.4419
3.7835	4.0345	4.1483	4.2168	4.3534	4.9917	5.0373	4.2396	4.2852	4.6044
5.0601	4.2396	3.6469	3.6013	3.8748	3.3506	3.1454	3.1454	3.3278	3.3506
3.2821	3.1911	3.0087	2.8947	2.8264	2.8036	2.7124	2.5984	2.4617	2.3705
2.4845	2.5756	2.5047
950.0905	924.025	901.9127	890.5351	873.8866	858.3951	841.0717	812.8206	782.2555	749.8905
705.2159	647.3317	573.474	489.8136	412.3241	343.7373	291.9823	256.6508	232.2629	210.382
195.3373	184.625	175.7351	168.6707	173.2282	211.0634	186.4474	183.0309	189.8671	136.5307
38.9762	17.1634	11.7157	7.3623	4.3534	2.644	2.53	2.8491	3.1454	3.4647
3.7835	4.0799	4.1711	4.2624	4.399	5.1058	5.1514	4.2852	4.2852	4.6497
5.1514	4.308	3.6697	3.6469	3.9433	3.3734	3.1454	3.1454	3.3506	3.3734
3.305	3.1911	3.0315	2.9175	2.8264	2.758	2.6896	2.5984	2.4845	2.3705
2.4617	2.5528	2.5047
950.0905	915.3793	893.492	872.9867	850.1994	820.5663	777.6916	721.4144	635.4721	513.9829
392.2687	303.3759	253.9156	227.0209	206.9623	189.1825	174.5973	163.6537	156.3611	147.9276
140.1786	133.5674	126.9594	120.5764	124.2243	122.3988	104.6221	91.1715	74.3045	56.756
32.5932	17.1178	11.6472	7.2026	4.2396	2.53	2.4617	2.7808	3.0771	3.3962
3.7154	4.0117	4.1255	4.2168	4.399	5.1514	5.2195	4.2624	4.2852	4.6497
5.1739	4.3762	3.6697	3.6697	3.9889	3.3734	3.1454	3.1454	3.3734	3.3962
3.3278	3.2365	3.0315	2.9175	2.8264	2.7808	2.6896	2.5756	2.4389	2.3705
2.4389	2.5301	2.5047
950.0905	907.6336	880.0575	855.8882	817.8344	763.8071	681.0466	531.0814	372.8883	283.7737
252.0933	237.505	226.3363	214.0267	199.8947	183.0309	167.5298	157.2739	149.7499	143.3701
136.0743	129.9227	123.3115	116.4721	110.7737	101.6588	93.6785	85.2481	69.9752	54.4773
35.1001	17.6648	11.6472	7.1341	4.1255	2.3933	2.3249	2.6212	2.9403	3.2365
3.5785	3.852	4.0117	4.1255	4.3762	5.1967	5.2195	4.1939	4.2168	4.6269
5.1739	4.3762	3.6926	3.6926	4.0345	3.3734	3.1227	3.1227	3.3506	3.3962
3.3278	3.214	3.0315	2.9175	2.8491	2.8036	2.6896	2.5528	2.4389	2.3477
2.4161	2.5301	2.5047
950.0905	900.3378	870.7047	834.2258	773.3848	682.8786	491.4206	325.7068	268.2758	253.9156
247.3077	240.4683	231.3501	218.3592	201.4921	182.1181	165.7074	155.2201	147.4712	141.0914
134.4802	127.869	121.0328	113.2806	106.2163	99.1519	92.7689	84.5636	72.0257	55.1587
36.2411	18.4169	11.6472	7.066	3.9889	2.2565	2.1654	2.4161	2.7124	3.0087
3.3506	3.6241	3.8292	4.0117	4.2852	5.1739	5.1739	4.1255	4.1255	4.5131
5.1514	4.3762	3.6697	3.6926	4.057	3.3506	3.0999	3.0999	3.3278	3.3734
3.305	3.214	3.0087	2.9175	2.8264	2.8036	2.6896	2.5528	2.4389	2.3477
2.4161	2.5072	2.5047
950.0905	894.1669	858.1701	809.3816	723.9214	534.9703	329.1457	269.4168	260.2986	259.3859
257.1071	249.3582	235.9108	218.3592	198.0724	179.1548	164.5664	155.2201	147.243	140.8632
135.1648	128.3254	121.9424	114.878	107.5854	100.9742	90.9433	79.0933	66.7837	52.4236
36.0129	19.3971	11.6244	6.9975	3.8292	2.0742	1.9374	2.1882	2.4389	2.7352
3.0543	3.3506	3.6013	3.852	4.1483	5.0829	5.0601	3.9889	4.0117	4.399
5.0601	4.3534	3.6469	3.6926	4.057	3.3278	3.0771	3.0543	3.2821	3.3506
3.305	3.1683	3.0087	2.8947	2.8264	2.8036	2.6896	2.5528	2.4161	2.3249
2.3933	2.4845	2.5047
950.0905	888.0282	847.2104	779.0736	650.0636	386.8049	275.7966	264.1747	266.9098	270.0981
265.3125	253.4593	235.4544	214.2549	193.0586	176.1915	163.6537	154.767	147.4712	142.2291
136.9871	130.8323	123.7679	116.4721	109.4078	101.2024	90.9433	80.0029	67.9247	53.7927
37.6102	20.8103	11.6019	6.9519	3.6926	1.8918	1.7323	1.9374	2.1882	2.4389
2.758	3.0543	3.3506	3.6469	3.9889	4.9004	4.9004	3.8292	3.8292	4.2396
4.9232	4.2852	3.6241	3.6697	4.0345	3.305	3.0543	3.0315	3.2593	3.3278
3.2593	3.1454	2.9859	2.8947	2.8264	2.7808	2.6896	2.5528	2.4389	2.3021
2.3705	2.4845	2.5047
950.0905	882.0823	836.7328	750.1155	539.0521	302.4663	266.4535	268.9604	275.7966	275.7966
268.0476	253.0029	233.1757	209.0128	188.5011	173.6846	163.2005	154.3106	148.6121	144.7361
139.7222	134.252	126.7312	120.5764	113.737	105.0753	94.363	83.6508	70.6598	56.2996
39.6608	22.2917	11.6244	6.9062	3.5556	1.7551	1.55	1.7323	1.9602	2.1882
2.4845	2.7808	3.0771	3.3962	3.7835	4.7182	4.7182	3.6469	3.6469	4.057
4.7866	4.1711	3.51	3.6241	3.9889	3.2593	2.9859	2.9859	3.2365	3.2821
3.2365	3.1454	2.9631	2.8719	2.8264	2.7808	2.6896	2.5528	2.4161	2.2793
2.3705	2.4617	2.5047
950.0905	877.5506	824.8731	713.6687	430.5796	275.1152	267.363	276.0247	280.3572	276.0247
266.6816	252.0933	231.3501	207.4187	188.2729	174.8223	164.5664	156.3611	151.3473	147.9276
145.1924	140.8632	135.6179	130.3759	123.9961	114.6498	102.3402	89.3492	74.5327	59.2629
41.7113	23.7961	11.7385	6.8606	3.4419	1.6639	1.436	1.5727	1.7551	1.9602
2.2109	2.5072	2.7808	3.1454	3.51	4.4675	4.5131	3.4647	3.4647	3.8748
4.6044	4.0345	3.4191	3.5328	3.9661	3.2365	2.9631	2.9631	3.1911	3.2593
3.1911	3.0999	2.9403	2.8491	2.7808	2.7808	2.6896	2.5528	2.4161	2.2793
2.3477	2.4617	2.5047
950.0905	877.3256	810.7636	674.9079	350.326	268.0476	271.9237	281.495	279.4444	272.6051
265.0843	252.5497	230.4406	209.0128	192.1458	180.0676	170.2649	162.9723	158.4116	155.6765
154.767	154.767	153.3978	149.7499	142.9137	130.1477	115.1062	98.9237	80.6875	61.7699
43.5336	26.007	11.8979	6.8153	3.3962	1.6183	1.3676	1.4816	1.6183	1.8007
1.983	2.2565	2.53	2.8719	3.2593	4.1711	4.2168	3.2821	3.2821	3.7154
4.399	3.8976	3.3278	3.4647	3.8748	3.1683	2.9175	2.9175	3.1454	3.214
3.1683	3.0771	2.9175	2.8264	2.7808	2.758	2.6896	2.5756	2.4161	2.2793
2.3477	2.4389	2.5047
950.0905	873.6616	801.4109	624.9944	305.886	266.9098	277.1657	283.3205	275.1152	269.1886
264.1715	251.4087	230.6656	212.2044	198.757	189.4107	181.8899	177.5574	177.1043	178.4702
180.7489	183.0309	184.8532	182.8027	174.1409	159.5526	137.2153	112.8275	88.6646	66.3273
46.4969	27.238	12.0576	6.7468	3.305	1.5727	1.322	1.436	1.55	1.6867
1.869	2.0742	2.3021	2.6212	2.9859	3.8748	3.8976	3.1227	3.1227	3.5328
4.1939	3.7154	3.214	3.3506	3.761	3.1227	2.8491	2.8491	3.1227	3.1911
3.1454	3.0543	2.8947	2.8036	2.758	2.758	2.6668	2.5756	2.4161	2.2793
2.3477	2.4389	2.5047
950.0905	869.5477	787.4943	571.867	285.3711	267.8194	281.0386	280.8136	270.3263	267.1348
262.8056	247.0795	230.2124	215.8522	206.5059	199.8947	196.2501	198.3006	208.3283	221.0943
228.1586	230.8938	232.7193	230.8938	218.8155	193.2867	159.7808	125.8185	94.5912	69.747
48.7789	28.9019	12.3312	6.6784	3.2365	1.55	1.2992	1.3904	1.4816	1.6183
1.7551	1.9374	2.1425	2.4389	2.7808	3.6013	3.6241	2.9631	2.9859	3.3962
3.9889	3.5785	3.0771	3.2593	3.6469	3.0315	2.8264	2.8264	3.0771	3.1454
3.0999	3.0315	2.8491	2.8036	2.758	2.758	2.6896	2.5756	2.4161	2.2793
2.3477	2.4389	2.5047
950.0905	869.5477	773.1598	523.3356	276.0247	269.645	282.8641	276.7093	267.5912	265.7689
260.0705	242.9752	228.3868	218.3592	212.4325	208.3283	209.0128	219.9533	242.5188	262.8056
269.1886	273.9742	284.0019	281.2668	257.7917	216.7618	169.1271	127.869	95.7322	71.3412
50.1448	29.654	12.6503	6.6327	3.1911	1.5271	1.2764	1.3676	1.4588	1.5727
1.6867	1.869	2.0286	2.3021	2.5984	3.3278	3.3734	2.8264	2.8719	3.2365
3.8292	3.4191	2.9859	3.1454	3.51	2.9631	2.8036	2.8036	3.0315	3.1227
3.0771	3.0087	2.8719	2.7808	2.7352	2.7352	2.6896	2.5528	2.4161	2.2565
2.3021	2.4389	2.5047
950.0905	868.1978	768.146	483.4499	271.2391	271.2391	283.3205	272.3801	265.9971	264.3997
256.1944	239.5555	227.2491	219.9533	215.3959	213.5735	217.6746	234.998	262.121	282.6359
291.5259	307.0238	321.1557	311.1281	273.5178	215.1677	161.3749	122.627	94.1348	72.0257
51.739	30.4517	13.1973	6.5646	3.0999	1.5043	1.2308	1.322	1.4132	1.5271
1.6411	1.8007	1.9602	2.1882	2.4389	3.1227	3.1227	2.6896	2.758	3.0999
3.6926	3.2821	2.8719	3.0543	3.3734	2.9175	2.7352	2.758	3.0087	3.0999
3.0543	2.9631	2.8264	2.758	2.758	2.7352	2.6896	2.5528	2.4161	2.2565
2.3021	2.4161	2.5047
950.0905	867.7479	763.3571	458.3807	269.1886	272.6051	283.0923	269.4168	265.0843	263.7183
252.3215	236.139	225.6517	220.1815	216.99	216.99	223.1448	240.6965	266.2253	285.8274
303.3759	327.9887	341.6803	323.1998	271.4673	206.0495	154.767	120.12	94.5912	74.3045
54.0209	32.9146	14.0179	6.4961	3.0771	1.4816	1.2308	1.2992	1.3904	1.4816
1.6183	1.7551	1.8918	2.097	2.3705	2.9403	2.9859	2.6212	2.6896	3.0315
3.5785	3.1911	2.8036	2.9631	3.2593	2.8491	2.7124	2.7352	2.9859	3.0543
3.0315	2.9859	2.8036	2.758	2.7352	2.7352	2.6668	2.5756	2.3933	2.2565
2.3249	2.4389	2.5047
950.0905	865.2409	758.7933	442.8571	268.2758	273.2896	282.6359	267.8194	264.1747	262.8056
249.8146	234.7698	225.1953	220.6379	218.131	218.5874	225.4235	242.0624	265.0843	286.0556
309.7589	336.6665	348.7511	325.4818	268.0476	198.3006	150.4345	120.3482	97.0982	77.9524
58.122	35.3058	14.1545	6.4733	3.0543	1.4816	1.208	1.2992	1.3676	1.4588
1.5727	1.7095	1.8463	2.0286	2.2793	2.8491	2.8947	2.5756	2.644	2.9859
3.51	3.1227	2.7352	2.8947	3.1911	2.8264	2.7124	2.7124	2.9631	3.0543
3.0315	2.9631	2.8264	2.758	2.7124	2.7352	2.6668	2.5756	2.4161	2.2565
2.3249	2.4389	2.5047
950.0905	863.409	757.1863	437.6182	268.0476	273.5178	282.6359	267.1348	263.9465	262.5774
249.3582	234.3135	225.1953	220.6379	218.3592	218.8155	226.1081	242.0624	264.3997	285.3711
310.4435	337.7914	349.2011	333.6775	263.4901	195.5655	149.9781	120.3482	98.4673	79.7747
59.2629	35.9229	13.7672	6.4733	3.0543	1.4588	1.1853	1.2764	1.3676	1.4588
1.55	1.6867	1.8235	2.0514	2.2793	2.8264	2.8719	2.5528	2.644	2.9631
3.4647	3.0999	2.7352	2.8719	3.1911	2.8264	2.6896	2.6896	2.9631	3.0543
3.0087	2.9631	2.8264	2.7352	2.7352	2.7352	2.6896	2.5528	2.4161	2.2337
2.3249	2.4161	2.5047
950.0905	865.2409	758.7933	442.8571	268.2758	273.2896	282.6359	267.8194	264.1747	262.8056
249.8146	234.7698	225.1953	220.6379	218.131	218.5874	225.4235	242.0624	265.0843	286.0556
309.7589	336.6665	348.7511	325.4818	268.0476	198.3006	150.4345	120.3482	97.0982	77.9524
58.122	35.3058	14.1545	6.4733	3.0543	1.4816	1.208	1.2992	1.3676	1.4588
1.5727	1.7095	1.8463	2.0286	2.2793	2.8491	2.8947	2.5756	2.644	2.9859
3.51	3.1227	2.7352	2.8947	3.1911	2.8264	2.7124	2.7124	2.9631	3.0543
3.0315	2.9631	2.8264	2.758	2.7124	2.7352	2.6668	2.5756	2.4161	2.2565
2.3249	2.4389	2.5047
950.0905	867.7479	763.3571	458.3807	269.1886	272.6051	283.0923	269.4168	265.0843	263.7183
252.3215	236.139	225.6517	220.1815	216.99	216.99	223.1448	240.6965	266.2253	285.8274
303.3759	327.9887	341.6803	323.1998	271.4673	206.0495	154.767	120.12	94.5912	74.3045
54.0209	32.9146	14.0179	6.4961	3.0771	1.4816	1.2308	1.2992	1.3904	1.4816
1.6183	1.7551	1.8918	2.097	2.3705	2.9403	2.9859	2.6212	2.6896	3.0315
3.5785	3.1911	2.8036	2.9631	3.2593	2.8491	2.7124	2.7352	2.9859	3.0543
3.0315	2.9859	2.8036	2.758	2.7352	2.7352	2.6668	2.5756	2.3933	2.2565
2.3249	2.4389	2.5047
950.0905	868.1978	768.146	483.4499	271.2391	271.2391	283.3205	272.3801	265.9971	264.3997
256.1944	239.5555	227.2491	219.9533	215.3959	213.5735	217.6746	234.998	262.121	282.6359
291.5259	307.0238	321.1557	311.1281	273.5178	215.1677	161.3749	122.627	94.1348	72.0257
51.739	30.4517	13.1973	6.5646	3.0999	1.5043	1.2308	1.322	1.4132	1.5271
1.6411	1.8007	1.9602	2.1882	2.4389	3.1227	3.1227	2.6896	2.758	3.0999
3.6926	3.2821	2.8719	3.0543	3.3734	2.9175	2.7352	2.758	3.0087	3.0999
3.0543	2.9631	2.8264	2.758	2.758	2.7352	2.6896	2.5528	2.4161	2.2565
2.3021	2.4161	2.5047
950.0905	869.5477	773.1598	523.3356	276.0247	269.645	282.8641	276.7093	267.5912	265.7689
260.0705	242.9752	228.3868	218.3592	212.4325	208.3283	209.0128	219.9533	242.5188	262.8056
269.1886	273.9742	284.0019	281.2668	257.7917	216.7618	169.1271	127.869	95.7322	71.3412
50.1448	29.654	12.6503	6.6327	3.1911	1.5271	1.2764	1.3676	1.4588	1.5727
1.6867	1.869	2.0286	2.3021	2.5984	3.3278	3.3734	2.8264	2.8719	3.2365
3.8292	3.4191	2.9859	3.1454	3.51	2.9631	2.8036	2.8036	3.0315	3.1227
3.0771	3.0087	2.8719	2.7808	2.7352	2.7352	2.6896	2.5528	2.4161	2.2565
2.3021	2.4389	2.5047
950.0905	869.5477	787.4943	571.867	285.3711	267.8194	281.0386	280.8136	270.3263	267.1348
262.8056	247.0795	230.2124	215.8522	206.5059	199.8947	196.2501	198.3006	208.3283	221.0943
228.1586	230.8938	232.7193	230.8938	218.8155	193.2867	159.7808	125.8185	94.5912	69.747
48.7789	28.9019	12.3312	6.6784	3.2365	1.55	1.2992	1.3904	1.4816	1.6183
1.7551	1.9374	2.1425	2.4389	2.7808	3.6013	3.6241	2.9631	2.9859	3.3962
3.9889	3.5785	3.0771	3.2593	3.6469	3.0315	2.8264	2.8264	3.0771	3.1454
3.0999	3.0315	2.8491	2.8036	2.758	2.758	2.6896	2.5756	2.4161	2.2793
2.3477	2.4389	2.5047
950.0905	873.6616	801.4109	624.9944	305.886	266.9098	277.1657	283.3205	275.1152	269.1886
264.1715	251.4087	230.6656	212.2044	198.757	189.4107	181.8899	177.5574	177.1043	178.4702
180.7489	183.0309	184.8532	182.8027	174.1409	159.5526	137.2153	112.8275	88.6646	66.3273
46.4969	27.238	12.0576	6.7468	3.305	1.5727	1.322	1.436	1.55	1.6867
1.869	2.0742	2.3021	2.6212	2.9859	3.8748	3.8976	3.1227	3.1227	3.5328
4.1939	3.7154	3.214	3.3506	3.761	3.1227	2.8491	2.8491	3.1227	3.1911
3.1454	3.0543	2.8947	2.8036	2.758	2.758	2.6668	2.5756	2.4161	2.2793
2.3477	2.4389	2.5047
950.0905	877.3256	810.7636	674.9079	350.326	268.0476	271.9237	281.495	279.4444	272.6051
265.0843	252.5497	230.4406	209.0128	192.1458	180.0676	170.2649	162.9723	158.4116	155.6765
154.767	154.767	153.3978	149.7499	142.9137	130.1477	115.1062	98.9237	80.6875	61.7699
43.5336	26.007	11.8979	6.8153	3.3962	1.6183	1.3676	1.4816	1.6183	1.8007
1.983	2.2565	2.53	2.8719	3.2593	4.1711	4.2168	3.2821	3.2821	3.7154
4.399	3.8976	3.3278	3.4647	3.8748	3.1683	2.9175	2.9175	3.1454	3.214
3.1683	3.0771	2.9175	2.8264	2.7808	2.758	2.6896	2.5756	2.4161	2.2793
2.3477	2.4389	2.5047
950.0905	877.5506	824.8731	713.6687	430.5796	275.1152	267.363	276.0247	280.3572	276.0247
266.6816	252.0933	231.3501	207.4187	188.2729	174.8223	164.5664	156.3611	151.3473	147.9276
145.1924	140.8632	135.6179	130.3759	123.9961	114.6498	102.3402	89.3492	74.5327	59.2629
41.7113	23.7961	11.7385	6.8606	3.4419	1.6639	1.436	1.5727	1.7551	1.9602
2.2109	2.5072	2.7808	3.1454	3.51	4.4675	4.5131	3.4647	3.4647	3.8748
4.6044	4.0345	3.4191	3.5328	3.9661	3.2365	2.9631	2.9631	3.1911	3.2593
3.1911	3.0999	2.9403	2.8491	2.7808	2.7808	2.6896	2.5528	2.4161	2.2793
2.3477	2.4617	2.5047
950.0905	882.0823	836.7328	750.1155	539.0521	302.4663	266.4535	268.9604	275.7966	275.7966
268.0476	253.0029	233.1757	209.0128	188.5011	173.6846	163.2005	154.3106	148.6121	144.7361
139.7222	134.252	126.7312	120.5764	113.737	105.0753	94.363	83.6508	70.6598	56.2996
39.6608	22.2917	11.6244	6.9062	3.5556	1.7551	1.55	1.7323	1.9602	2.1882
2.4845	2.7808	3.0771	3.3962	3.7835	4.7182	4.7182	3.6469	3.6469	4.057
4.7866	4.1711	3.51	3.6241	3.9889	3.2593	2.9859	2.9859	3.2365	3.2821
3.2365	3.1454	2.9631	2.8719	2.8264	2.7808	2.6896	2.5528	2.4161	2.2793
2.3705	2.4617	2.5047
950.0905	888.0282	847.2104	779.0736	650.0636	386.8049	275.7966	264.1747	266.9098	270.0981
265.3125	253.4593	235.4544	214.2549	193.0586	176.1915	163.6537	154.767	147.4712	142.2291
136.9871	130.8323	123.7679	116.4721	109.4078	101.2024	90.9433	80.0029	67.9247	53.7927
37.6102	20.8103	11.6019	6.9519	3.6926	1.8918	1.7323	1.9374	2.1882	2.4389
2.758	3.0543	3.3506	3.6469	3.9889	4.9004	4.9004	3.8292	3.8292	4.2396
4.9232	4.2852	3.6241	3.6697	4.0345	3.305	3.0543	3.0315	3.2593	3.3278
3.2593	3.1454	2.9859	2.8947	2.8264	2.7808	2.6896	2.5528	2.4389	2.3021
2.3705	2.4845	2.5047
950.0905	894.1669	858.1701	809.3816	723.9214	534.9703	329.1457	269.4168	260.2986	259.3859
257.1071	249.3582	235.9108	218.3592	198.0724	179.1548	164.5664	155.2201	147.243	140.8632
135.1648	128.3254	121.9424	114.878	107.5854	100.9742	90.9433	79.0933	66.7837	52.4236
36.0129	19.3971	11.6244	6.9975	3.8292	2.0742	1.9374	2.1882	2.4389	2.7352
3.0543	3.3506	3.6013	3.852	4.1483	5.0829	5.0601	3.9889	4.0117	4.399
5.0601	4.3534	3.6469	3.6926	4.057	3.3278	3.0771	3.0543	3.2821	3.3506
3.305	3.1683	3.0087	2.8947	2.8264	2.8036	2.6896	2.5528	2.4161	2.3249
2.3933	2.4845	2.5047
950.0905	900.3378	870.7047	834.2258	773.3848	682.8786	491.4206	325.7068	268.2758	253.9156
247.3077	240.4683	231.3501	218.3592	201.4921	182.1181	165.7074	155.2201	147.4712	141.0914
134.4802	127.869	121.0328	113.2806	106.2163	99.1519	92.7689	84.5636	72.0257	55.1587
36.2411	18.4169	11.6472	7.066	3.9889	2.2565	2.1654	2.4161	2.7124	3.0087
3.3506	3.6241	3.8292	4.0117	4.2852	5.1739	5.1739	4.1255	4.1255	4.5131
5.1514	4.3762	3.6697	3.6926	4.057	3.3506	3.0999	3.0999	3.3278	3.3734
3.305	3.214	3.0087	2.9175	2.8264	2.8036	2.6896	2.5528	2.4389	2.3477
2.4161	2.5072	2.5047
950.0905	907.6336	880.0575	855.8882	817.8344	763.8071	681.0466	531.0814	372.8883	283.7737
252.0933	237.505	226.3363	214.0267	199.8947	183.0309	167.5298	157.2739	149.7499	143.3701
136.0743	129.9227	123.3115	116.4721	110.7737	101.6588	93.6785	85.2481	69.9752	54.4773
35.1001	17.6648	11.6472	7.1341	4.1255	2.3933	2.3249	2.6212	2.9403	3.2365
3.5785	3.852	4.0117	4.1255	4.3762	5.1967	5.2195	4.1939	4.2168	4.6269
5.1739	4.3762	3.6926	3.6926	4.0345	3.3734	3.1227	3.1227	3.3506	3.3962
3.3278	3.214	3.0315	2.9175	2.8491	2.8036	2.6896	2.5528	2.4389	2.3477
2.4161	2.5301	2.5047
950.0905	915.3793	893.492	872.9867	850.1994	820.5663	777.6916	721.4144	635.4721	513.9829
392.2687	303.3759	253.9156	227.0209	206.9623	189.1825	174.5973	163.6537	156.3611	147.9276
140.1786	133.5674	126.9594	120.5764	124.2243	122.3988	104.6221	91.1715	74.3045	56.756
32.5932	17.1178	11.6472	7.2026	4.2396	2.53	2.4617	2.7808	3.0771	3.3962
3.7154	4.0117	4.1255	4.2168	4.399	5.1514	5.2195	4.2624	4.2852	4.6497
5.1739	4.3762	3.6697	3.6697	3.9889	3.3734	3.1454	3.1454	3.3734	3.3962
3.3278	3.2365	3.0315	2.9175	2.8264	2.7808	2.6896	2.5756	2.4389	2.3705
2.4389	2.5301	2.5047
950.0905	924.025	901.9127	890.5351	873.8866	858.3951	841.0717	812.8206	782.2555	749.8905
705.2159	647.3317	573.474	489.8136	412.3241	343.7373	291.9823	256.6508	232.2629	210.382
195.3373	184.625	175.7351	168.6707	173.2282	211.0634	186.4474	183.0309	189.8671	136.5307
38.9762	17.1634	11.7157	7.3623	4.3534	2.644	2.53	2.8491	3.1454	3.4647
3.7835	4.0799	4.1711	4.2624	4.399	5.1058	5.1514	4.2852	4.2852	4.6497
5.1514	4.308	3.6697	3.6469	3.9433	3.3734	3.1454	3.1454	3.3506	3.3734
3.305	3.1911	3.0315	2.9175	2.8264	2.758	2.6896	2.5984	2.4845	2.3705
2.4617	2.5528	2.5047
950.0905	933.1528	916.2793	906.7015	894.3919	886.4212	876.8435	865.6909	857.4952	849.4923
839.6896	828.0871	815.7775	802.0858	785.2123	764.0321	740.7949	717.5255	697.4701	676.0328
655.7524	640.2609	626.3443	609.7279	605.839	647.3317	631.6153	624.9944	651.8956	436.2684
80.9157	17.7332	11.9664	7.5902	4.5131	2.7352	2.53	2.8491	3.1227	3.4419
3.7835	4.0345	4.1483	4.2168	4.3534	4.9917	5.0373	4.2396	4.2852	4.6044
5.0601	4.2396	3.6469	3.6013	3.8748	3.3506	3.1454	3.1454	3.3278	3.3506
3.2821	3.1911	3.0087	2.8947	2.8264	2.8036	2.7124	2.5984	2.4617	2.3705
2.4845	2.5756	2.5047
950.0905	942.0555	931.3208	927.464	918.5612	915.8293	911.0404	908.7585	905.3517	907.6336
911.9404	914.4473	917.8863	919.7182	917.4363	912.1975	904.9017	903.5197	901.9127	900.5628
903.5197	905.8016	908.5335	904.9017	906.4766	955.0401	969.4067	963.2358	1002.6716	607.446
95.0476	18.1662	12.2171	7.7724	4.6497	2.7808	2.4845	2.8036	3.0771	3.3734
3.6697	3.9204	4.0117	4.0799	4.2168	4.8322	4.8551	4.1027	4.1255	4.4446
4.9004	4.1255	3.5556	3.5328	3.8063	3.305	3.1227	3.1227	3.2821	3.2821
3.214	3.1227	2.9859	2.8947	2.8264	2.8036	2.7124	2.5984	2.4845	2.3933
2.4845	2.5756	2.5047