IESNA:LM-63-2002
[TEST] MTt8P09527-01/2018-12-10
[TESTLAB] ies2eulumdat.appspot.com
[ISSUEDATE] 2022-10-19T08:51:00.295
[MANUFAC] Prisma Light Elton
[LUMCAT] 1-S
[LUMINAIRE] 830 DNW
[LAMPCAT] LED
[LAMP] LED
TILT=NONE
1	3847	1	91	36	1	2	0.100	0.120	0
1.0	1.0	38.40
0	 2	 4	 6	 8	 10	 12	 14	 16	 18
20	 22	 24	 26	 28	 30	 32	 34	 36	 38
40	 42	 44	 46	 48	 50	 52	 54	 56	 58
60	 62	 64	 66	 68	 70	 72	 74	 76	 78
80	 82	 84	 86	 88	 90	 92	 94	 96	 98
100	 102	 104	 106	 108	 110	 112	 114	 116	 118
120	 122	 124	 126	 128	 130	 132	 134	 136	 138
140	 142	 144	 146	 148	 150	 152	 154	 156	 158
160	 162	 164	 166	 168	 170	 172	 174	 176	 178
180
0	 10	 20	 30	 40	 50	 60	 70	 80	 90
100	 110	 120	 130	 140	 150	 160	 170	 180	 190
200	 210	 220	 230	 240	 250	 260	 270	 280	 290
300	 310	 320	 330	 340	 350
985.2167	983.6779	982.1391	983.2932	987.9096	999.0659	1019.8397	1048.6922	1085.6234	1127.5557
1171.0268	1208.3427	1238.3493	1258.7384	1268.7406	1267.2018	1254.122	1232.5788	1210.2662	1188.723
1168.7186	1151.0224	1136.0191	1124.8628	1117.5535	1116.0147	1121.4005	1132.9415	1151.7918	1171.4115
1180.2596	1159.1011	1099.4726	1049.0769	988.679	892.504	745.9333	582.0511	430.4793	286.2168
172.7303	80.787	26.5443	4.6164	0.3847	0	0	0	0	0
0	0	0	0	0	0	0	0	0	0
0	0	0	0	0	0	0	0	0	0
0	0	0	0	0	0	0	0	0	0
0	0	0	0	0	0	0	0	0	0
0
985.2167	986.7555	989.0637	992.9107	1000.9894	1016.3774	1040.2288	1072.9283	1115.2453	1162.9481
1210.6509	1254.122	1288.745	1314.1352	1329.9079	1334.1396	1324.5221	1306.8259	1286.4368	1268.3559
1257.1996	1244.8892	1241.0422	1247.5821	1266.8171	1299.9013	1351.0664	1422.2359	1507.6393	1596.8897
1678.0614	1729.2265	1728.0724	1674.9838	1610.3542	1503.7923	1343.7571	1126.4016	893.6581	654.3747
422.0159	215.0473	78.8635	9.2328	0.7694	0	0	0	0	0
0	0	0	0	0	0	0	0	0	0
0	0	0	0	0	0	0	0	0	0
0	0	0	0	0	0	0	0	0	0
0	0	0	0	0	0	0	0	0	0
0
984.4473	990.2178	995.6036	1000.6047	1009.0681	1024.0714	1046.7687	1078.6988	1118.3229	1164.1022
1212.5744	1257.969	1296.0543	1324.5221	1343.7571	1352.2205	1349.5276	1336.0631	1315.2893	1292.9767
1276.4346	1263.3548	1254.8914	1256.0455	1270.2794	1304.133	1362.6074	1450.319	1559.5738	1673.445
1780.7763	1871.5655	1933.1175	1938.5033	1876.1819	1768.0812	1613.4318	1399.9233	1146.406	854.8034
584.3593	331.9961	135.0297	22.6973	0.7694	0	0	0	0	0
0	0	0	0	0	0	0	0	0	0
0	0	0	0	0	0	0	0	0	0
0	0	0	0	0	0	0	0	0	0
0	0	0	0	0	0	0	0	0	0
0
984.4473	992.9107	999.8353	1006.3752	1014.4539	1026.3796	1045.2299	1072.1589	1107.1666	1148.3295
1193.7241	1241.0422	1282.5898	1316.0587	1341.0642	1356.0675	1359.9145	1351.8358	1333.7549	1308.3647
1282.5898	1259.5078	1242.581	1232.5788	1231.04	1241.8116	1272.9723	1329.5232	1410.6949	1501.4841
1579.5782	1638.4373	1671.9062	1672.2909	1628.4351	1533.4142	1382.9965	1204.111	1000.6047	778.2481
542.8117	305.8365	128.1051	29.2372	1.1541	0	0	0	0	0
0	0	0	0	0	0	0	0	0	0
0	0	0	0	0	0	0	0	0	0
0	0	0	0	0	0	0	0	0	0
0	0	0	0	0	0	0	0	0	0
0
984.0626	994.8342	1002.5282	1009.8375	1016.3774	1024.0714	1037.9206	1056.7709	1083.3152	1117.9382
1160.2552	1207.5733	1257.1996	1305.6718	1347.2194	1377.9954	1394.9222	1396.0763	1382.9965	1357.6063
1324.5221	1290.2838	1258.7384	1232.1941	1214.4979	1202.9569	1199.8793	1207.1886	1222.1919	1239.5034
1250.275	1246.8127	1227.5777	1188.3383	1124.0934	1027.9184	912.5084	775.5552	633.2162	480.4903
316.9928	179.2702	86.5575	22.3126	1.5388	0	0	0	0	0
0	0	0	0	0	0	0	0	0	0
0	0	0	0	0	0	0	0	0	0
0	0	0	0	0	0	0	0	0	0
0	0	0	0	0	0	0	0	0	0
0
984.0626	997.1424	1005.9905	1012.1457	1016.3774	1021.3785	1028.3031	1041.3829	1061.0026	1088.701
1126.4016	1172.9503	1229.1165	1291.4379	1354.9134	1414.1572	1461.4753	1489.1737	1494.9442	1471.4775
1423.0053	1361.4533	1296.8237	1246.0433	1214.1132	1193.3394	1174.8738	1153.3306	1127.9404	1095.2409
1051.7698	996.373	928.6658	848.6482	753.2426	649.3736	536.6565	440.4815	348.9229	258.1337
168.4986	92.328	43.4711	12.6951	1.1541	0	0	0	0	0
0	0	0	0	0	0	0	0	0	0
0	0	0	0	0	0	0	0	0	0
0	0	0	0	0	0	0	0	0	0
0	0	0	0	0	0	0	0	0	0
0
983.6779	997.5271	1006.3752	1012.9151	1015.2233	1016.7621	1020.2244	1027.5337	1041.3829	1062.9261
1094.4715	1135.6344	1189.4924	1252.5832	1322.5986	1397.6151	1471.4775	1536.4918	1576.1159	1570.3454
1523.0273	1441.0862	1344.9112	1253.7373	1186.7995	1144.0978	1113.3218	1078.6988	1029.8419	960.2112
875.1925	779.0175	679.3802	580.1276	483.1832	392.394	319.6857	255.4408	194.2735	140.0308
95.0209	56.9356	26.929	8.8481	0.7694	0	0	0	0	0
0	0	0	0	0	0	0	0	0	0
0	0	0	0	0	0	0	0	0	0
0	0	0	0	0	0	0	0	0	0
0	0	0	0	0	0	0	0	0	0
0
984.0626	999.4506	1008.6834	1013.6845	1015.2233	1015.9927	1016.7621	1022.5326	1032.9195	1051.0004
1077.16	1111.3983	1156.0235	1209.1121	1271.4335	1341.0642	1409.1561	1463.0141	1482.6338	1453.0119
1381.8424	1291.4379	1199.4946	1115.2453	1042.9217	980.985	922.8953	857.881	779.7869	691.3059
598.9779	512.8051	436.6345	364.6956	301.9895	249.2856	204.2757	164.6516	129.6439	96.9444
66.5531	40.3935	19.6197	6.5399	1.1541	0	0	0	0	0
0	0	0	0	0	0	0	0	0	0
0	0	0	0	0	0	0	0	0	0
0	0	0	0	0	0	0	0	0	0
0	0	0	0	0	0	0	0	0	0
0
982.5238	999.0659	1009.0681	1013.2998	1014.4539	1015.2233	1017.1468	1021.7632	1032.5348	1049.4616
1073.313	1103.7043	1139.0967	1182.9525	1230.6553	1280.2816	1321.4445	1342.9877	1336.0631	1296.0543
1223.7307	1134.0956	1039.4594	952.1325	877.5007	809.4088	737.0852	652.8359	561.662	474.7198
402.3962	344.6912	295.8343	248.9009	208.5074	172.7303	140.8002	111.1783	86.5575	65.399
46.9334	29.6219	15.388	5.7705	1.1541	0	0	0	0	0
0	0	0	0	0	0	0	0	0	0
0	0	0	0	0	0	0	0	0	0
0	0	0	0	0	0	0	0	0	0
0	0	0	0	0	0	0	0	0	0
0
982.9085	999.8353	1009.8375	1014.0692	1015.608	1015.2233	1017.1468	1022.9173	1034.843	1052.9239
1076.7753	1107.1666	1142.1743	1183.7219	1230.2706	1273.7417	1304.5177	1314.5199	1297.2084	1247.5821
1172.5656	1084.854	992.526	909.4308	837.8766	769.7847	690.5365	596.285	496.263	407.782
339.3054	288.1403	244.6692	204.2757	169.6527	139.6461	112.3324	88.481	69.6307	52.7039
37.7006	23.8514	13.0798	5.0011	1.1541	0	0	0	0	0
0	0	0	0	0	0	0	0	0	0
0	0	0	0	0	0	0	0	0	0
0	0	0	0	0	0	0	0	0	0
0	0	0	0	0	0	0	0	0	0
0
981.7544	998.2965	1009.0681	1014.0692	1015.608	1015.2233	1017.5315	1022.9173	1033.6889	1049.8463
1073.6977	1102.1655	1137.5579	1178.3361	1226.0389	1274.1264	1315.674	1339.5254	1337.2172	1302.9789
1236.4258	1146.0213	1047.5381	954.056	874.4231	805.5618	732.0841	645.9113	552.0445	462.7941
389.7011	332.7655	285.0627	240.4375	201.9675	166.9598	136.1838	107.3313	84.634	64.2449
45.3946	28.8525	15.388	5.7705	1.1541	0	0	0	0	0
0	0	0	0	0	0	0	0	0	0
0	0	0	0	0	0	0	0	0	0
0	0	0	0	0	0	0	0	0	0
0	0	0	0	0	0	0	0	0	0
0
981.7544	997.9118	1007.914	1013.2998	1015.2233	1015.608	1017.5315	1024.0714	1034.4583	1051.7698
1076.3906	1106.7819	1144.8672	1192.1853	1249.5056	1313.7505	1380.6883	1436.4698	1466.0917	1452.6272
1392.614	1304.9024	1206.4192	1114.4759	1035.2277	970.2134	911.3543	846.34	766.3224	673.9944
580.5123	495.4936	419.7077	350.8464	290.0638	238.8987	195.0429	155.4188	122.3346	91.1739
63.4755	39.2394	19.6197	6.5399	1.1541	0	0	0	0	0
0	0	0	0	0	0	0	0	0	0
0	0	0	0	0	0	0	0	0	0
0	0	0	0	0	0	0	0	0	0
0	0	0	0	0	0	0	0	0	0
0
979.8309	995.9883	1006.3752	1012.9151	1014.4539	1016.3774	1020.2244	1028.6878	1040.9982	1061.3873
1089.4704	1125.6322	1172.1809	1225.6542	1288.745	1358.3757	1431.4687	1498.4065	1542.2623	1549.9563
1517.2568	1450.7037	1359.9145	1265.2783	1191.0312	1146.406	1116.3994	1083.6999	1036.3818	965.9817
875.5772	773.6317	670.1474	566.2784	466.6411	375.0825	300.4507	236.5905	176.5773	126.1816
87.3269	53.4733	25.0055	8.0787	1.5388	0	0	0	0	0
0	0	0	0	0	0	0	0	0	0
0	0	0	0	0	0	0	0	0	0
0	0	0	0	0	0	0	0	0	0
0	0	0	0	0	0	0	0	0	0
0
979.4462	994.0648	1004.067	1010.2222	1014.0692	1018.3009	1025.9949	1037.9206	1056.3862	1083.6999
1119.477	1163.3328	1212.9591	1267.2018	1323.368	1377.226	1423.0053	1452.6272	1463.7835	1450.7037
1412.2337	1354.5287	1291.0532	1239.8881	1209.1121	1189.1077	1172.5656	1153.7153	1130.6333	1097.5491
1052.5392	994.0648	922.1259	837.8766	735.5464	623.5987	505.8805	400.8574	310.4529	224.6648
146.186	80.787	37.7006	12.3104	1.5388	0	0	0	0	0
0	0	0	0	0	0	0	0	0	0
0	0	0	0	0	0	0	0	0	0
0	0	0	0	0	0	0	0	0	0
0	0	0	0	0	0	0	0	0	0
0
978.6768	990.2178	999.4506	1006.7599	1012.5304	1019.8397	1031.3807	1049.8463	1077.9294	1113.3218
1157.1776	1204.4957	1252.1985	1296.439	1332.6008	1356.8369	1369.532	1370.6861	1361.4533	1342.2183
1312.9811	1279.8969	1249.5056	1224.5001	1202.9569	1189.4924	1183.7219	1188.3383	1204.111	1223.7307
1236.4258	1233.3482	1210.2662	1164.4869	1091.3939	984.832	859.8045	706.6939	558.9691	407.0126
273.137	163.8822	82.3258	21.5432	1.9235	0	0	0	0	0
0	0	0	0	0	0	0	0	0	0
0	0	0	0	0	0	0	0	0	0
0	0	0	0	0	0	0	0	0	0
0	0	0	0	0	0	0	0	0	0
0
977.138	987.1402	995.2189	1001.7588	1009.8375	1020.2244	1036.3818	1062.1567	1097.5491	1141.4049
1190.2618	1238.3493	1281.4357	1316.0587	1339.1407	1351.4511	1352.2205	1342.603	1323.368	1298.3625
1274.5111	1251.4291	1231.8094	1216.4214	1206.0345	1208.3427	1233.7329	1288.745	1374.5331	1477.6327
1569.9607	1633.8209	1664.5969	1653.4406	1597.2744	1494.5595	1336.8325	1150.6377	944.0538	722.8513
507.4193	307.76	142.7237	33.4689	1.5388	0	0	0	0	0
0	0	0	0	0	0	0	0	0	0
0	0	0	0	0	0	0	0	0	0
0	0	0	0	0	0	0	0	0	0
0	0	0	0	0	0	0	0	0	0
0
975.9839	982.9085	989.4484	995.2189	1002.5282	1014.8386	1034.843	1066.3884	1106.7819	1154.8694
1204.111	1250.6597	1290.2838	1323.368	1346.45	1357.6063	1356.8369	1341.0642	1317.9822	1294.9002
1274.1264	1259.1231	1242.9657	1232.5788	1235.2717	1256.4302	1304.133	1384.1506	1491.8666	1609.5848
1721.9172	1821.5545	1897.7251	1928.1164	1882.3371	1786.1621	1643.8231	1439.5474	1186.0301	882.8865
599.7473	373.5437	167.7292	34.623	1.1541	0	0	0	0	0
0	0	0	0	0	0	0	0	0	0
0	0	0	0	0	0	0	0	0	0
0	0	0	0	0	0	0	0	0	0
0	0	0	0	0	0	0	0	0	0
0
974.8298	978.2921	981.7544	985.2167	992.1413	1004.067	1025.6102	1059.0791	1101.7808	1149.8683
1198.3405	1244.5045	1284.1286	1314.9046	1337.6019	1346.8347	1341.0642	1324.1374	1303.7483	1285.2827
1270.2794	1253.3526	1240.6575	1236.8105	1245.2739	1269.1253	1311.827	1373.7637	1453.7813	1538.0306
1619.587	1680.3696	1701.5281	1665.3663	1623.8187	1548.0328	1417.2348	1211.0356	974.4451	729.3912
480.4903	270.8288	98.8679	13.4645	0.7694	0	0	0	0	0
0	0	0	0	0	0	0	0	0	0
0	0	0	0	0	0	0	0	0	0
0	0	0	0	0	0	0	0	0	0
0	0	0	0	0	0	0	0	0	0
0
985.2167	986.3708	985.9861	986.3708	987.1402	992.526	1005.2211	1029.8419	1065.2343	1107.5513
1151.4071	1195.2629	1233.7329	1266.4324	1289.5144	1301.4401	1298.3625	1282.5898	1261.816	1239.8881
1218.7296	1197.1864	1176.0279	1158.3317	1143.3284	1132.9415	1127.9404	1126.7863	1132.9415	1146.0213
1157.947	1157.5623	1114.4759	1064.0802	1029.8419	970.2134	865.9597	701.3081	541.2729	374.6978
235.4364	128.8745	50.011	11.9257	1.9235	0	0	0	0	0
0	0	0	0	0	0	0	0	0	0
0	0	0	0	0	0	0	0	0	0
0	0	0	0	0	0	0	0	0	0
0	0	0	0	0	0	0	0	0	0
0
985.2167	982.1391	977.9074	973.291	969.8287	969.0593	973.6757	988.2943	1012.9151	1044.0758
1077.5447	1110.2442	1140.6355	1164.8716	1181.029	1187.5689	1179.4902	1161.794	1136.7885	1109.8595
1082.1611	1053.3086	1024.8408	997.1424	968.2899	938.668	907.892	875.1925	842.1083	810.5629
777.4787	739.7781	690.9212	621.2905	533.9636	452.4072	372.0049	274.6758	206.5839	142.339
93.4821	55.0121	25.3902	7.694	1.5388	0	0	0	0	0
0	0	0	0	0	0	0	0	0	0
0	0	0	0	0	0	0	0	0	0
0	0	0	0	0	0	0	0	0	0
0	0	0	0	0	0	0	0	0	0
0
984.4473	978.6768	969.8287	959.4418	949.4396	939.8221	935.5904	937.5139	947.1314	964.0582
982.9085	1000.9894	1016.7621	1027.9184	1033.3042	1030.2266	1017.5315	995.6036	965.9817	932.8975
897.8898	862.4974	827.8744	794.0208	761.3213	728.2371	693.9988	657.4523	619.7517	580.897
540.8882	498.5712	455.1001	408.1667	357.771	304.6824	251.5938	198.1205	143.8778	96.5597
61.9367	35.3924	16.5421	5.0011	0.7694	0	0	0	0	0
0	0	0	0	0	0	0	0	0	0
0	0	0	0	0	0	0	0	0	0
0	0	0	0	0	0	0	0	0	0
0	0	0	0	0	0	0	0	0	0
0
984.4473	974.0604	960.9806	945.9773	929.4352	911.739	895.1969	882.1171	874.8078	872.8843
872.8843	873.269	871.7302	867.4985	858.2657	842.8777	821.7192	792.0973	755.1661	715.542
675.5332	637.4479	602.0555	569.7407	540.5035	514.3439	488.569	462.0247	434.3263	404.3197
374.3131	343.1524	309.2988	272.3676	235.4364	197.7358	159.6505	127.3357	99.2526	71.9389
46.164	26.929	12.3104	3.847	0.3847	0	0	0	0	0
0	0	0	0	0	0	0	0	0	0
0	0	0	0	0	0	0	0	0	0
0	0	0	0	0	0	0	0	0	0
0	0	0	0	0	0	0	0	0	0
0
984.0626	970.2134	952.5172	931.7434	908.6614	882.8865	855.5728	829.4132	805.1771	783.6339
764.3989	745.9333	727.083	705.5398	681.3037	651.6818	618.2129	582.4358	547.0434	514.3439
482.0291	452.0225	427.017	405.4738	388.547	373.9284	360.8486	347.3841	330.4573	313.9152
291.9873	261.2113	229.2812	196.5817	165.0363	138.8767	114.6406	92.7127	72.3236	52.7039
34.2383	18.8503	8.4634	2.3082	0.3847	0	0	0	0	0
0	0	0	0	0	0	0	0	0	0
0	0	0	0	0	0	0	0	0	0
0	0	0	0	0	0	0	0	0	0
0	0	0	0	0	0	0	0	0	0
0
984.0626	967.5205	945.9773	920.5871	891.7346	858.6504	822.8733	785.9421	747.4721	709.3868
672.4556	636.6785	601.2861	567.0478	532.4248	496.263	463.1788	433.9416	409.3208	387.0082
365.8497	348.5382	333.5349	321.2245	309.2988	298.9119	289.2944	281.2157	272.7523	258.1337
236.9752	215.432	190.8112	160.8046	135.4144	113.8712	94.2515	75.7859	58.4744	41.1629
25.3902	12.6951	5.0011	1.9235	0	0	0	0	0	0
0	0	0	0	0	0	0	0	0	0
0	0	0	0	0	0	0	0	0	0
0	0	0	0	0	0	0	0	0	0
0	0	0	0	0	0	0	0	0	0
0
983.6779	964.4429	939.0527	909.4308	875.5772	836.7225	794.0208	749.3956	701.6928	652.0665
603.2096	555.1221	509.3428	467.7952	429.7099	397.3951	372.0049	350.4617	333.9196	316.9928
304.2977	293.1414	284.2933	276.5993	267.7512	258.1337	248.9009	237.7446	225.4342	212.3544
197.3511	180.4243	160.0352	136.5685	117.3335	99.6373	82.7105	61.9367	41.5476	25.0055
13.4645	5.7705	2.6929	1.1541	0	0	0	0	0	0
0	0	0	0	0	0	0	0	0	0
0	0	0	0	0	0	0	0	0	0
0	0	0	0	0	0	0	0	0	0
0	0	0	0	0	0	0	0	0	0
0
984.0626	962.5194	934.821	902.1215	864.8056	822.8733	775.5552	724.7748	672.0709	615.52
560.1232	506.6499	457.0236	413.9372	378.1601	348.9229	326.6103	308.5294	293.9108	280.831
270.4441	262.3654	256.2102	250.055	242.361	234.2823	224.6648	213.8932	201.5828	188.8877
173.8844	156.1882	137.3379	120.7958	105.7925	90.7892	68.8613	42.317	21.5432	10.0022
4.6164	2.3082	1.1541	0.3847	0	0	0	0	0	0
0	0	0	0	0	0	0	0	0	0
0	0	0	0	0	0	0	0	0	0
0	0	0	0	0	0	0	0	0	0
0	0	0	0	0	0	0	0	0	0
0
982.5238	959.4418	929.8199	895.9663	855.9575	810.9476	760.9366	707.0786	650.143	591.2839
532.4248	477.4127	428.1711	386.6235	353.5393	327.3797	306.6059	290.4485	276.984	265.443
255.8255	248.5162	241.9763	234.667	227.7424	219.6637	209.6615	197.7358	186.1948	173.8844
159.6505	142.339	123.8734	108.4854	94.6362	79.2482	51.1651	26.1596	8.0787	3.4623
1.5388	0.7694	0.3847	0	0	0	0	0	0	0
0	0	0	0	0	0	0	0	0	0
0	0	0	0	0	0	0	0	0	0
0	0	0	0	0	0	0	0	0	0
0	0	0	0	0	0	0	0	0	0
0
982.9085	959.4418	929.4352	894.4275	854.034	808.6394	757.0896	702.8469	644.7572	583.9746
524.7308	468.9493	419.323	378.9295	346.9994	321.6092	301.9895	286.6015	273.137	262.7501
253.902	245.4386	237.7446	229.6659	221.5872	213.1238	202.3522	190.4265	178.8855	166.1904
152.3412	136.9532	121.1805	106.5619	93.8668	78.0941	50.011	23.082	5.3858	0.7694
0	0	0	0	0	0	0	0	0	0
0	0	0	0	0	0	0	0	0	0
0	0	0	0	0	0	0	0	0	0
0	0	0	0	0	0	0	0	0	0
0	0	0	0	0	0	0	0	0	0
0
981.7544	957.903	928.6658	893.2734	853.2646	808.2547	758.2437	704.3857	646.6807	587.0522
528.5778	473.5657	423.9394	383.1612	350.8464	326.2256	306.2212	290.8332	277.7534	265.8277
255.8255	247.7468	239.2834	231.5894	223.126	213.8932	203.5063	191.9653	180.809	168.4986
155.4188	140.8002	125.0275	110.0242	96.175	79.6329	51.5498	25.3902	6.9246	2.6929
0.7694	0.3847	0	0	0	0	0	0	0	0
0	0	0	0	0	0	0	0	0	0
0	0	0	0	0	0	0	0	0	0
0	0	0	0	0	0	0	0	0	0
0	0	0	0	0	0	0	0	0	0
0
981.7544	959.0571	930.974	897.5051	860.1892	817.8722	770.9388	719.7737	665.531	609.3648
553.1986	499.7253	450.099	407.782	373.159	345.8453	324.6868	308.1447	294.2955	281.6004
271.5982	263.5195	256.2102	248.9009	241.2069	232.3588	223.126	213.1238	202.3522	190.4265
176.5773	160.8046	143.8778	126.951	111.563	94.6362	70.7848	42.7017	19.6197	8.8481
3.4623	1.5388	1.1541	0.3847	0	0	0	0	0	0
0	0	0	0	0	0	0	0	0	0
0	0	0	0	0	0	0	0	0	0
0	0	0	0	0	0	0	0	0	0
0	0	0	0	0	0	0	0	0	0
0
979.8309	958.6724	933.2822	902.8909	869.0373	830.1826	787.4809	742.0863	693.9988	643.9878
593.9768	545.5046	499.7253	457.793	421.2465	391.2399	367.0038	348.5382	332.7655	318.5316
307.3753	298.1425	290.8332	284.678	277.7534	270.0594	262.3654	252.3632	240.4375	226.2036
211.2003	192.7347	168.4986	143.4931	123.4887	104.6384	85.7881	63.0908	40.3935	23.4667
11.9257	5.7705	2.6929	0.7694	0	0	0	0	0	0
0	0	0	0	0	0	0	0	0	0
0	0	0	0	0	0	0	0	0	0
0	0	0	0	0	0	0	0	0	0
0	0	0	0	0	0	0	0	0	0
0
979.4462	961.3653	938.668	912.1237	882.5018	849.8023	814.4099	777.094	739.7781	700.9234
662.4534	625.9069	588.591	553.5833	517.8062	483.1832	452.0225	425.4782	403.1656	384.3153
366.6191	352.7699	340.8442	332.3808	324.6868	317.7622	311.2223	304.2977	294.2955	274.6758
250.4397	226.5883	197.7358	164.6516	138.1073	116.1794	96.175	77.7094	59.6285	40.7782
24.2361	12.3104	4.6164	1.9235	0	0	0	0	0	0
0	0	0	0	0	0	0	0	0	0
0	0	0	0	0	0	0	0	0	0
0	0	0	0	0	0	0	0	0	0
0	0	0	0	0	0	0	0	0	0
0
978.6768	962.9041	943.6691	922.1259	898.2745	872.8843	847.1094	821.7192	797.0984	774.4011
753.6273	732.8535	710.9256	687.8436	660.9146	629.7539	594.7462	560.1232	527.8084	497.4171
468.9493	444.3285	423.9394	406.2432	392.0093	381.2377	370.4661	357.3863	340.8442	320.4551
294.6802	260.8266	229.6659	194.6582	164.6516	139.2614	115.7947	93.4821	73.4777	53.0886
33.8536	18.8503	7.694	2.3082	0.3847	0	0	0	0	0
0	0	0	0	0	0	0	0	0	0
0	0	0	0	0	0	0	0	0	0
0	0	0	0	0	0	0	0	0	0
0	0	0	0	0	0	0	0	0	0
0
977.138	964.8276	950.209	934.4363	917.5095	900.9674	886.3488	874.8078	867.4985	863.6515
860.5739	858.6504	853.2646	844.4165	831.7214	812.1017	785.5574	752.8579	716.3114	677.4567
640.5255	606.2872	574.7418	547.0434	521.6532	497.4171	474.7198	450.099	423.9394	395.8563
365.465	335.4584	301.6048	265.0583	230.82	197.3511	163.1128	131.1827	102.7149	72.7083
46.164	26.5443	12.3104	3.4623	0.3847	0	0	0	0	0
0	0	0	0	0	0	0	0	0	0
0	0	0	0	0	0	0	0	0	0
0	0	0	0	0	0	0	0	0	0
0	0	0	0	0	0	0	0	0	0
0
975.9839	966.7511	957.1336	946.362	936.3598	929.4352	927.127	930.5893	939.4374	953.6713
970.2134	985.2167	995.6036	1000.9894	999.0659	990.2178	970.9828	944.0538	911.739	877.116
843.2624	810.9476	780.1716	750.9344	722.0819	693.6141	663.6075	631.6774	598.5932	563.5855
525.8849	487.4149	447.4061	402.7809	356.2322	306.2212	253.5173	202.3522	150.033	100.7914
63.0908	35.3924	15.7727	4.6164	0.3847	0	0	0	0	0
0	0	0	0	0	0	0	0	0	0
0	0	0	0	0	0	0	0	0	0
0	0	0	0	0	0	0	0	0	0
0	0	0	0	0	0	0	0	0	0
0
974.8298	969.0593	964.4429	958.6724	955.5948	956.3642	964.4429	980.6003	1003.6823	1033.3042
1064.8496	1095.2409	1119.0923	1135.6344	1142.9437	1141.0202	1127.9404	1104.4737	1076.7753	1048.6922
1022.5326	996.7577	972.5216	948.6702	925.5882	900.198	875.5772	849.4176	824.7968	799.4066
770.5541	737.0852	692.46	627.061	542.8117	460.1012	375.8519	281.9851	214.2779	149.2636
96.175	54.6274	24.2361	6.5399	0.3847	0	0	0	0	0
0	0	0	0	0	0	0	0	0	0
0	0	0	0	0	0	0	0	0	0
0	0	0	0	0	0	0	0	0	0
0	0	0	0	0	0	0	0	0	0
0